SITENAME,DATE,TIME,SALINITY,TN,TP,TOC,NH4,NandN,NO2,SRP,DOC,NO3
SRS1a,2001-06-12,13:00,0.0,37.775,0.66,1437.500,2.05,0.43,0.12,0.04,1305.833,0.31
SRS1a,2001-07-31,11:00,0.0,58.256,0.44,1377.500,6.40,3.59,0.39,0.01,1369.167,3.20
SRS1a,2001-09-13,12:00,0.0,47.755,0.27,1397.500,8.10,2.58,0.20,0.02,1490.000,2.38
SRS1a,2001-10-22,12:00,0.0,47.638,0.11,1265.833,3.00,1.99,0.12,0.02,1286.667,1.86
SRS1a,2001-11-28,14:00,0.0,39.364,-9999.00,1159.167,2.10,0.38,0.09,0.00,1161.667,0.29
SRS1a,2001-12-19,11:00,0.0,40.234,0.09,1130.833,2.55,0.26,0.06,0.00,1130.833,0.20
SRS1a,2002-01-22,13:00,0.0,36.937,0.24,1145.833,6.69,1.52,0.11,0.10,1146.667,1.41
SRS1a,2002-02-28,09:00,0.0,24.419,0.57,1167.500,2.70,0.05,0.04,0.03,1227.500,0.01
SRS1a,2002-03-28,11:00,0.0,21.814,0.77,1263.333,5.47,0.23,0.09,0.08,1273.333,0.14
SRS1a,2002-04-09,09:30,0.0,43.938,0.43,1248.333,8.23,0.43,0.10,0.01,1266.667,0.33
SRS1a,2002-05-08,11:00,0.0,71.968,0.90,1317.500,5.31,0.12,0.08,0.05,1340.833,0.04
SRS1a,2002-06-25,10:00,0.0,36.942,0.20,1082.500,-9999.00,6.75,0.49,0.00,1033.333,6.27
SRS1a,2002-07-29,11:00,0.0,75.072,0.11,1755.417,1.39,2.98,0.12,0.06,1752.917,2.87
SRS1a,2002-08-22,08:45,0.0,34.863,0.06,1211.667,2.19,0.36,0.08,0.03,1020.833,0.28
SRS1a,2002-09-25,15:45,0.0,57.526,-9999.00,1406.667,1.41,0.72,0.13,0.01,1491.667,0.59
SRS1a,2002-10-23,12:00,0.0,35.774,-9999.00,1634.167,2.41,0.39,0.13,-9999.00,1625.833,0.26
SRS1a,2002-11-20,13:15,0.0,58.464,0.12,1218.333,-9999.00,1.53,0.15,0.05,1318.333,1.38
SRS1a,2002-12-19,12:00,0.0,66.196,0.81,1427.500,4.80,3.76,0.29,0.03,1370.000,3.48
SRS1a,2003-01-21,09:10,0.0,58.915,0.63,1330.833,-9999.00,2.10,0.20,0.13,1000.833,1.90
SRS1a,2003-02-20,13:15,0.0,67.587,0.80,935.000,-9999.00,1.13,0.21,-9999.00,1125.000,0.92
SRS1a,2003-03-26,10:30,0.0,-9999.000,0.40,1096.667,1.25,0.26,0.04,0.05,940.833,0.23
SRS1a,2003-04-24,14:30,0.0,69.998,1.15,1060.000,0.54,0.13,0.04,0.02,1024.167,0.09
SRS1a,2003-05-27,11:00,0.0,-9999.000,0.33,988.333,0.52,0.18,0.06,0.02,993.333,0.13
SRS1a,2003-06-17,11:00,0.0,31.580,0.34,1098.333,0.56,0.34,0.13,0.01,1088.333,0.21
SRS1a,2003-07-23,14:00,0.0,69.278,0.20,1484.167,2.03,1.61,0.14,0.03,1516.667,1.47
SRS1a,2003-08-18,13:45,0.0,101.131,0.19,1841.667,2.45,-9999.00,0.45,0.02,1821.667,-9999.00
SRS1a,2003-09-09,12:30,0.0,36.182,0.14,1288.333,2.00,3.07,0.15,0.03,1406.667,2.92
SRS1a,2003-10-08,11:30,0.0,36.501,0.10,1126.667,1.70,3.94,0.22,0.02,1178.333,3.72
SRS1a,2003-11-11,11:45,0.0,28.498,0.13,957.500,1.50,0.99,0.14,0.01,1110.000,0.84
SRS1a,2003-12-03,09:30,0.0,48.870,0.05,831.458,5.84,0.57,0.07,0.02,990.833,0.51
SRS1a,2004-01-26,13:20,0.0,26.231,0.23,905.000,2.23,0.10,0.10,0.01,990.417,-9999.00
SRS1a,2004-02-10,11:20,0.0,29.124,0.34,894.167,4.48,1.31,0.28,0.04,909.583,1.04
SRS1a,2004-03-23,16:15,0.0,34.788,0.32,912.500,8.15,3.90,0.36,0.05,696.250,3.53
SRS1a,2004-04-19,11:30,0.0,-9999.000,0.88,1060.000,1.47,3.99,0.26,0.01,-9999.000,3.73
SRS1a,2004-05-05,15:45,0.0,-9999.000,-9999.00,1019.167,0.53,1.05,0.20,0.01,1120.000,0.85
SRS1a,2004-06-24,15:00,0.0,30.155,0.91,1135.833,0.45,1.28,0.13,0.03,1190.000,1.15
SRS1a,2004-07-15,10:45,0.0,36.421,0.45,983.333,0.79,-9999.00,-9999.00,0.03,-9999.000,0.50
SRS1a,2004-08-19,12:30,0.0,53.384,0.42,1973.333,2.60,4.25,0.51,0.08,1903.333,3.75
SRS1a,2004-09-08,16:30,0.0,30.946,0.19,1395.000,3.69,6.01,0.25,0.04,1440.000,5.76
SRS1a,2004-10-14,12:00,0.0,32.049,0.11,1462.500,2.02,1.94,0.12,0.03,1562.500,1.83
SRS1a,2004-11-22,09:30,0.0,33.871,0.11,1310.833,1.82,0.42,0.17,0.01,1385.833,0.25
SRS1a,2004-12-07,16:30,0.0,28.399,-9999.00,1169.167,1.65,1.06,0.15,-9999.00,1364.167,0.91
SRS1a,2005-01-04,08:15,0.0,47.763,0.22,1613.333,7.63,4.77,0.64,0.07,-9999.000,4.13
SRS1c,2005-01-04,15:00,0.0,55.385,0.08,1932.500,5.85,0.41,0.28,0.05,2096.667,0.13
SRS1c,2005-02-16,14:15,0.0,56.593,0.19,2014.167,5.37,0.91,0.61,0.01,2085.000,0.30
SRS1c,2005-05-23,14:30,0.0,44.717,-9999.00,-9999.000,2.35,0.21,0.10,0.08,2026.250,0.12
SRS1c,2005-06-30,11:30,0.0,39.177,0.23,1290.000,7.21,0.20,0.13,0.11,-9999.000,0.07
SRS1c,2005-07-18,14:15,0.0,34.937,0.25,1243.333,17.19,0.00,0.00,0.08,994.167,0.00
SRS1c,2005-08-23,11:00,0.0,45.268,0.13,-9999.000,2.66,0.16,0.17,0.04,1220.833,0.00
SRS1c,2005-09-23,12:15,0.0,62.311,-9999.00,-9999.000,20.30,0.15,0.14,0.08,1170.833,0.00
SRS1c,2005-10-18,11:30,0.0,20.439,0.30,-9999.000,1.52,0.33,0.11,0.09,1100.000,0.22
SRS1c,2005-11-10,08:50,0.0,25.811,0.16,-9999.000,5.39,0.46,0.13,0.08,1583.333,0.33
SRS1c,2005-12-19,13:30,0.0,22.720,1.45,-9999.000,6.85,0.53,0.13,0.04,1478.333,0.41
SRS1c,2006-01-05,07:45,0.0,35.237,0.25,-9999.000,26.73,4.49,0.30,0.00,1413.333,4.19
SRS1d,2006-01-05,13:15,0.0,32.406,0.19,-9999.000,11.33,0.75,0.12,0.03,1648.333,0.63
SRS1d,2006-02-09,11:10,0.0,27.422,0.73,-9999.000,9.50,3.51,0.14,0.03,1759.167,3.37
SRS1d,2006-03-02,12:20,0.0,45.661,0.44,-9999.000,-9999.00,0.75,0.12,0.06,1732.500,0.62
SRS1d,2006-04-06,15:30,0.0,35.701,0.44,-9999.000,6.81,0.86,0.07,0.03,2005.000,0.79
SRS1d,2006-05-16,09:30,0.0,109.917,1.53,-9999.000,8.99,1.59,0.24,0.04,2793.333,1.35
SRS1d,2006-06-15,11:45,0.0,40.855,0.43,-9999.000,2.92,0.35,0.08,0.05,2363.333,0.27
SRS1d,2006-07-25,,0.0,25.347,0.23,-9999.000,4.03,0.45,0.13,0.09,799.667,0.32
SRS1d,2006-09-01,13:31,0.0,20.507,0.16,-9999.000,0.82,0.14,0.07,0.05,778.250,0.08
SRS1d,2006-09-21,13:30,0.0,26.257,0.53,-9999.000,1.42,0.07,0.04,0.05,955.833,0.03
SRS1d,2006-10-09,13:30,0.0,37.189,0.15,-9999.000,2.38,0.30,0.09,0.03,1334.167,0.21
SRS1d,2006-11-13,13:00,0.0,44.879,0.25,-9999.000,4.65,0.62,0.06,0.04,2036.667,0.56
SRS1d,2006-12-07,13:45,0.0,54.697,0.32,-9999.000,4.11,1.71,0.12,0.00,2082.083,1.59
SRS1d,2007-01-18,13:15,0.0,63.609,0.38,-9999.000,26.79,1.13,0.10,0.01,2137.500,1.02
SRS1d,2007-02-01,13:30,0.0,45.542,0.15,-9999.000,11.39,0.58,0.09,0.06,1900.000,0.48
SRS1d,2007-03-19,14:45,0.0,87.012,0.26,-9999.000,-9999.00,0.80,0.08,0.06,2415.000,0.71
SRS1d,2007-04-27,11:00,0.0,70.495,1.88,-9999.000,3.91,0.16,0.16,0.02,2501.667,0.00
SRS1d,2007-05-24,12:30,0.0,74.191,0.24,-9999.000,5.66,0.20,0.20,0.01,2468.000,0.00
SRS1d,2007-06-20,13:30,0.0,33.219,0.97,-9999.000,2.65,0.44,0.19,0.02,1175.667,0.25
SRS1d,2007-07-26,13:30,0.0,50.447,0.18,-9999.000,3.12,4.82,0.14,0.06,789.333,4.69
SRS1d,2007-08-08,08:50,0.0,61.373,0.21,-9999.000,16.87,0.19,0.09,0.03,1046.667,0.09
SRS1d,2007-09-05,13:15,0.0,42.725,0.16,-9999.000,5.39,0.59,0.20,0.05,1316.250,0.39
SRS1d,2007-10-08,15:45,0.0,32.861,0.30,-9999.000,1.91,0.41,0.06,0.13,496.000,0.36
SRS1d,2007-11-19,13:45,0.0,70.352,0.26,-9999.000,1.13,0.21,0.08,0.02,1670.000,0.13
SRS1d,2007-12-05,10:20,0.0,61.827,0.22,-9999.000,16.02,1.55,0.15,0.12,1629.167,1.40
SRS1d,2008-01-10,12:40,0.0,82.984,0.25,-9999.000,56.76,0.50,0.16,0.07,2023.333,0.34
SRS1d,2008-02-28,11:30,0.0,222.129,0.11,-9999.000,95.97,0.48,0.09,0.06,3070.000,0.39
SRS1d,2008-03-31,12:00,0.0,190.010,0.20,-9999.000,65.33,0.86,0.19,0.08,2888.167,0.67
SRS1d,2008-04-10,12:00,0.0,84.855,0.13,-9999.000,14.77,5.77,0.30,0.08,1513.333,5.47
SRS1d,2008-05-20,12:20,0.0,122.567,0.17,-9999.000,37.80,0.71,0.24,0.04,2423.750,0.47
SRS1d,2008-06-24,13:45,0.0,28.383,0.32,-9999.000,1.73,0.17,0.08,0.18,932.500,0.09
SRS1d,2008-07-09,13:35,0.0,31.382,0.24,-9999.000,2.82,0.10,0.09,0.03,1155.000,0.00
SRS1d,2008-08-06,11:20,0.0,34.552,0.42,-9999.000,2.16,0.24,0.12,0.02,1640.833,0.12
SRS1d,2008-09-15,13:10,0.0,28.674,0.58,-9999.000,1.94,0.25,0.12,0.07,1160.833,0.14
SRS1d,2008-10-06,07:40,0.0,17.870,0.15,-9999.000,1.15,0.14,0.09,0.04,942.500,0.05
SRS1d,2008-11-03,11:45,0.0,22.027,0.07,-9999.000,1.34,0.25,0.06,0.06,999.167,0.19
SRS1d,2008-12-02,10:45,0.0,132.074,0.13,-9999.000,2.72,0.10,0.06,0.07,1595.833,0.04
SRS1d,2009-01-05,13:50,0.0,40.676,0.15,-9999.000,4.03,0.33,0.08,0.07,1852.500,0.25
SRS1d,2009-02-02,11:30,0.0,155.244,0.33,-9999.000,47.65,0.56,0.10,0.04,1989.167,0.46
SRS1d,2009-03-02,13:30,0.0,133.823,0.30,-9999.000,10.49,0.25,0.13,0.06,2175.333,0.12
SRS1d,2009-04-01,10:00,0.0,155.002,0.47,-9999.000,25.55,0.20,-9999.00,0.02,3280.833,-9999.00
SRS1d,2009-06-29,12:11,0.0,121.831,0.18,-9999.000,2.49,1.04,0.52,0.08,1815.833,0.52
SRS1d,2009-07-16,13:30,0.0,84.767,0.14,-9999.000,1.99,0.15,0.11,0.06,1516.667,0.04
SRS1d,2009-08-10,13:00,0.0,52.193,0.30,-9999.000,1.40,0.41,0.12,0.10,1805.000,0.29
SRS1d,2009-09-09,13:30,0.0,42.024,0.29,-9999.000,1.08,0.06,-9999.00,0.05,1651.667,-9999.00
SRS1d,2009-10-05,08:00,0.0,19.999,0.04,-9999.000,3.49,0.22,0.08,0.03,953.333,0.14
SRS1d,2009-11-09,13:45,0.0,63.463,0.24,-9999.000,1.87,0.16,0.09,0.08,1657.500,0.07
SRS1d,2009-12-07,11:30,0.0,90.367,0.09,-9999.000,2.14,0.18,0.05,0.02,1490.833,0.13
SRS1d,2010-01-14,13:05,0.0,146.873,0.15,-9999.000,6.67,1.95,0.10,0.03,1245.000,1.85
SRS1d,2010-02-01,11:30,0.0,59.512,0.43,-9999.000,2.73,0.25,0.06,0.02,1209.167,0.19
SRS1d,2010-03-10,13:50,0.0,124.190,0.15,-9999.000,0.84,0.08,0.05,0.06,1921.667,0.03
SRS1d,2010-04-07,12:40,0.0,144.197,0.13,-9999.000,0.97,0.10,0.06,0.03,1997.500,0.05
SRS1d,2010-05-05,11:30,0.0,73.705,0.27,-9999.000,1.15,0.13,0.11,0.05,1901.667,0.02
SRS1d,2010-06-16,13:00,0.0,79.748,0.26,-9999.000,2.45,0.20,0.16,0.04,1930.000,0.04
SRS1d,2010-07-07,11:45,0.0,45.255,0.15,-9999.000,1.64,0.10,0.03,0.04,1559.167,0.07
SRS1d,2010-08-09,12:25,0.0,32.442,0.16,-9999.000,0.84,0.13,0.11,0.03,1025.833,0.03
SRS1d,2010-09-07,14:20,0.0,56.875,0.12,-9999.000,1.13,0.17,0.14,0.05,980.000,0.03
SRS1d,2010-10-04,08:30,0.0,67.074,0.24,-9999.000,5.06,0.12,0.08,0.06,782.833,0.04
SRS1d,2010-11-01,13:45,0.0,30.177,0.20,-9999.000,2.48,1.08,0.06,0.06,998.333,1.01
SRS1d,2010-12-01,11:42,0.0,47.950,0.19,-9999.000,15.43,0.99,0.09,0.07,1040.833,0.91
SRS1d,2011-01-04,13:00,0.0,46.356,0.24,-9999.000,14.55,0.26,0.10,0.06,909.167,0.15
SRS1d,2011-02-02,12:00,0.0,98.659,0.21,-9999.000,20.14,0.18,0.08,0.02,1415.000,0.10
SRS1d,2011-03-01,14:35,0.0,108.687,0.30,-9999.000,2.35,0.12,0.08,0.05,2140.000,0.04
SRS1d,2011-08-05,11:20,0.0,111.755,0.17,-9999.000,2.26,0.21,0.14,0.01,2161.667,0.07
SRS1d,2011-09-07,13:10,0.0,74.063,0.16,-9999.000,1.04,0.21,0.11,0.03,1649.167,0.10
SRS1d,2011-10-12,08:20,0.0,85.362,0.20,-9999.000,2.31,0.43,0.12,0.35,2040.000,0.31
SRS1d,2011-11-07,15:00,0.0,51.253,0.26,-9999.000,1.40,0.59,0.24,0.25,1611.667,0.35
SRS1d,2011-12-14,12:20,0.0,68.201,0.35,-9999.000,1.52,0.29,0.08,0.02,1420.833,0.21
SRS1d,2012-01-10,15:00,0.0,75.535,0.21,-9999.000,1.82,0.86,0.10,0.08,1777.500,0.76
SRS1d,2012-02-01,10:50,0.0,60.607,0.38,-9999.000,2.59,0.28,0.11,0.09,2054.167,0.17
SRS1d,2012-03-02,8:40,0.0,107.789,-9999.00,-9999.000,3.74,0.33,0.18,0.25,2425.000,0.15
SRS1d,2012-05-07,12:00,0.0,106.981,0.33,-9999.000,3.42,0.52,0.13,0.05,2112.333,0.40
SRS1d,2012-06-19,13:00,0.0,67.366,0.24,-9999.000,1.87,0.27,0.04,0.03,1846.667,0.23
SRS1d,2012-07-17,12:50,0.0,53.174,0.12,-9999.000,1.84,0.23,0.07,0.02,1097.500,0.17
SRS1d,2012-08-14,12:30,0.0,71.115,0.23,-9999.000,2.10,0.21,0.05,0.10,1299.167,0.17
SRS1d,2012-09-14,12:00,0.0,70.674,0.20,-9999.000,3.11,0.24,0.12,0.01,1364.167,0.13
SRS1d,2012-10-10,7:50,0.0,37.310,0.19,-9999.000,2.64,1.11,0.12,0.03,878.333,0.99
SRS1d,2012-11-01,14:15,0.0,42.158,0.21,-9999.000,1.39,0.20,0.08,0.04,1159.167,0.13
SRS1d,2012-12-17,11:55,0.0,56.024,0.30,-9999.000,3.37,0.24,0.08,0.04,1835.000,0.16
SRS1d,2013-01-08,13:30,0.0,59.190,0.36,-9999.000,2.23,0.13,0.07,0.15,1776.667,0.06
SRS1d,2013-02-12,11:50,0.0,102.104,0.42,-9999.000,2.61,0.12,0.06,0.06,1964.167,0.05
SRS1d,2013-03-04,13:30,0.0,108.842,0.19,-9999.000,7.15,0.17,0.09,0.05,1997.500,0.08
SRS1d,2013-04-04,11:00,0.0,158.021,1.24,-9999.000,3.52,0.43,0.13,0.06,2893.833,0.30
SRS1d,2013-05-08,13:10,0.0,133.089,0.34,-9999.000,4.55,0.26,0.25,0.05,3054.000,0.01
SRS1d,2013-06-20,12:30,0.0,59.254,0.39,-9999.000,2.61,0.10,0.05,0.04,1115.000,0.05
SRS1d,2013-07-11,13:00,0.0,60.811,0.26,-9999.000,2.15,0.22,0.18,0.11,1259.167,0.04
SRS1d,2013-08-16,11:45,0.0,67.136,0.22,-9999.000,2.61,0.33,0.11,0.01,1199.167,0.21
SRS1d,2013-09-12,13:00,0.0,47.506,0.29,-9999.000,2.04,0.32,0.26,0.03,1239.167,0.06
SRS1d,2013-10-24,7:30,0.0,49.155,0.29,-9999.000,3.96,0.62,0.09,0.04,1208.333,0.53
SRS1d,2013-11-07,13:00,0.0,38.118,0.21,-9999.000,1.75,0.13,0.09,0.06,1297.500,0.04
SRS1d,2013-12-10,13:50,0.0,56.991,0.30,-9999.000,2.34,0.17,0.05,0.06,1201.667,0.11
SRS1d,2014-01-14,13:40,0.0,46.663,0.15,-9999.000,0.92,0.07,0.04,0.05,1327.500,0.03
SRS1d,2014-02-05,13:30,0.0,63.531,0.27,-9999.000,2.76,0.17,0.16,0.04,1422.500,0.01
SRS1d,2014-03-06,11:10,0.0,54.490,1.42,-9999.000,1.27,0.21,0.14,0.05,1531.667,0.07
SRS1d,2014-04-01,12:45,0.0,73.265,0.30,-9999.000,2.66,0.21,0.08,0.04,2111.500,0.13
SRS1d,2014-05-12,11:10,0.0,175.287,0.86,-9999.000,48.75,0.41,0.22,0.10,3356.167,0.19
SRS1d,2014-06-02,9:15,0.0,223.290,1.31,-9999.000,100.83,14.81,0.84,0.03,2883.750,13.97
SRS1d,2014-07-16,13:20,0.0,77.267,0.60,-9999.000,2.33,0.13,0.11,0.17,2047.083,0.02
SRS1d,2014-08-15,12:40,0.0,74.354,0.31,-9999.000,2.58,0.16,0.11,0.04,1492.917,0.05
SRS1d,2014-09-15,1:30,0.0,48.189,0.27,-9999.000,1.17,0.43,0.11,0.05,1261.667,0.32
SRS1d,2014-10-15,8:15,0.0,61.413,0.20,-9999.000,3.47,0.13,0.08,0.03,1504.167,0.05
SRS1d,2014-11-10,13:00,0.0,65.327,0.13,-9999.000,1.87,0.21,0.09,0.02,1568.333,0.12
SRS1d,2014-12-04,14:00,0.0,73.889,0.17,-9999.000,3.22,0.21,0.07,0.08,1698.333,0.14
SRS1d,2015-01-13,14:00,0.0,62.488,0.22,-9999.000,8.96,3.31,0.14,0.01,1896.667,3.17
SRS1d,2015-02-02,11:50,0.0,69.789,0.38,-9999.000,9.66,5.91,0.13,0.05,1959.167,5.77
SRS1d,2015-03-02,12:45,0.0,96.712,0.56,-9999.000,8.15,0.15,0.11,0.04,2345.250,0.04
SRS1d,2015-09-17,12:00,0.0,127.231,0.35,-9999.000,2.57,0.98,0.15,0.04,2320.583,0.83
SRS1d,2015-10-05,8:20,0.0,88.028,0.27,-9999.000,2.87,0.52,0.10,0.04,1788.750,0.43
SRS1d,2015-11-03,13:00,0.0,76.296,0.33,-9999.000,2.22,0.27,0.10,0.05,1837.500,0.17
SRS1d,2015-12-03,12:00,0.0,72.467,0.18,-9999.000,1.60,0.18,0.07,0.03,1739.167,0.12
SRS1d,2016-01-07,13:45,0.0,62.980,0.26,-9999.000,0.89,0.99,0.08,0.04,1287.083,0.90
SRS1d,2016-02-02,12:15,0.0,48.411,0.25,-9999.000,1.04,0.30,0.05,0.03,1141.250,0.25
SRS1d,2016-03-02,13:00,0.0,50.754,0.29,-9999.000,1.34,0.38,0.04,0.03,1430.833,0.34
SRS1d,2016-04-05,11:50,0.0,65.550,0.25,-9999.000,1.55,0.49,0.06,0.00,1697.500,0.43
SRS1d,2016-05-10,13:10,0.0,60.177,0.29,-9999.000,0.97,0.22,0.10,0.02,1410.833,0.12
SRS1d,2016-06-06,10:55,0.0,63.744,0.27,-9999.000,1.72,0.33,0.13,0.04,1726.667,0.20
SRS1d,2016-07-19,11:20,0.0,81.207,0.51,-9999.000,1.63,0.27,0.20,0.06,1710.000,0.07
SRS1d,2016-08-15,14:00,0.0,108.914,0.23,-9999.000,1.03,0.15,0.10,0.04,1311.667,0.05
SRS1d,2016-09-14,13:00,0.0,45.469,0.18,-9999.000,0.74,0.18,0.03,0.04,1028.333,0.15
SRS1d,2016-10-20,8:30,0.0,44.557,0.28,-9999.000,3.97,0.39,0.11,0.04,1064.167,0.28
SRS1d,2016-11-02,12:50,0.0,47.215,0.16,-9999.000,1.01,0.20,0.04,0.03,1093.333,0.15
SRS1d,2016-12-01,12:30,0.0,65.157,0.26,-9999.000,2.62,0.22,0.04,0.02,1350.000,0.18
SRS2,2001-07-23,13:00,0.0,109.424,0.27,2359.167,5.79,1.70,0.27,0.00,2387.500,1.42
SRS2,2001-09-05,12:00,0.0,65.028,0.14,1985.000,4.98,0.17,0.11,0.03,1953.333,0.07
SRS2,2001-10-14,12:00,0.0,43.672,0.14,1311.667,1.53,0.09,0.09,0.03,1250.833,0.00
SRS2,2001-11-19,12:00,0.0,61.649,0.86,1353.333,2.72,0.11,0.00,0.00,1298.750,0.10
SRS2,2001-12-13,11:00,0.0,38.613,-9999.00,1198.333,2.95,0.92,0.11,-9999.00,1225.833,0.81
SRS2,2002-01-15,13:00,0.0,55.287,0.24,1561.667,2.97,0.69,0.10,0.08,1590.000,0.59
SRS2,2002-02-10,15:00,0.0,54.684,-9999.00,1890.833,4.47,1.44,0.11,-9999.00,1775.833,1.32
SRS2,2002-03-08,14:00,0.0,29.129,0.40,1911.667,3.76,0.07,0.07,0.02,1902.500,0.01
SRS2,2002-04-05,11:30,0.0,41.409,0.24,2657.500,7.41,0.18,0.10,0.02,2328.333,0.08
SRS2,2002-06-06,11:30,0.0,110.160,0.44,2757.083,2.74,0.11,0.11,0.03,2740.833,0.00
SRS2,2002-07-16,11:30,0.0,70.947,0.61,1551.667,2.85,0.89,0.10,0.09,1472.500,0.79
SRS2,2002-08-21,10:00,0.0,46.865,0.07,977.500,3.19,0.11,0.10,0.04,1553.333,0.01
SRS2,2002-09-24,09:00,0.0,56.412,-9999.00,1208.333,2.55,0.09,0.09,-9999.00,1217.500,0.00
SRS2,2002-10-18,09:00,0.0,40.589,0.06,1260.833,1.57,0.48,0.10,-9999.00,1165.833,0.38
SRS2,2002-11-19,15:45,0.0,35.256,0.09,1375.000,4.34,2.97,0.12,0.05,1215.833,2.85
SRS2,2002-12-19,10:10,0.0,62.003,0.22,1520.833,7.36,1.03,0.08,0.05,1314.167,0.96
SRS2,2003-01-17,11:30,0.0,56.901,0.08,1662.500,-9999.00,3.03,0.12,0.04,1475.833,2.91
SRS2,2003-02-20,10:30,0.0,85.565,0.13,734.500,-9999.00,0.45,0.22,0.02,2084.167,0.23
SRS2,2003-03-25,11:00,0.0,23.169,0.17,2358.333,-9999.00,0.28,0.10,0.73,-9999.000,0.19
SRS2,2003-04-24,10:45,0.0,107.148,0.14,2535.833,1.90,0.12,0.09,0.04,2318.333,0.03
SRS2,2003-05-15,11:00,0.0,50.534,0.14,-9999.000,2.62,0.16,0.10,0.00,1786.250,0.06
SRS2,2003-06-10,10:30,0.0,30.342,0.07,940.833,1.65,0.13,0.10,0.00,881.667,0.03
SRS2,2003-07-24,12:00,0.0,34.048,0.20,1170.000,2.26,0.09,0.09,0.04,1102.500,0.00
SRS2,2003-08-18,10:25,0.0,44.667,0.06,-9999.000,1.87,0.07,0.07,0.03,1143.333,0.00
SRS2,2003-09-09,15:20,0.0,30.598,0.13,1215.000,2.25,0.13,0.05,0.04,1252.500,0.08
SRS2,2003-10-16,11:30,0.0,25.558,0.10,1121.667,1.19,0.08,0.07,0.03,1182.500,0.02
SRS2,2003-11-10,12:00,0.0,32.823,0.19,1212.500,0.85,0.10,0.10,0.03,1320.833,0.00
SRS2,2003-12-09,10:30,0.0,34.897,0.09,1490.000,3.04,0.44,0.09,0.03,1507.500,0.35
SRS2,2004-01-06,10:45,0.0,33.430,0.15,1445.833,3.33,0.71,0.14,0.02,1485.000,0.57
SRS2,2004-02-10,09:30,0.0,61.823,0.15,1332.500,4.55,1.00,0.26,0.04,1383.333,0.74
SRS2,2004-03-15,15:30,0.0,62.230,0.11,1608.333,6.16,0.54,0.12,0.02,1658.333,0.41
SRS2,2004-05-05,12:00,0.0,100.284,0.15,2499.167,3.71,0.42,0.21,0.05,2500.000,0.20
SRS2,2004-06-24,10:20,0.0,76.029,0.21,-9999.000,8.92,2.08,0.24,0.08,3617.500,1.84
SRS2,2004-07-29,09:30,0.0,59.598,0.28,-9999.000,3.38,0.56,0.56,0.05,2227.500,-9999.00
SRS2,2004-08-17,10:00,0.0,46.291,-9999.00,1163.333,2.05,0.56,0.08,-9999.00,1149.167,0.48
SRS2,2004-09-08,10:20,0.0,31.051,0.11,1022.500,1.69,1.15,0.05,-9999.00,1071.667,1.09
SRS2,2004-10-14,10:30,0.0,33.754,0.12,1102.500,3.16,1.47,0.07,0.03,1208.333,1.41
SRS2,2004-11-17,10:45,0.0,45.089,0.10,1637.917,3.97,0.16,0.16,0.03,1680.833,0.00
SRS2,2004-12-07,13:00,0.0,32.338,-9999.00,1690.833,1.83,0.33,0.18,-9999.00,1860.833,0.15
SRS2,2005-01-12,12:00,0.0,52.607,0.12,-9999.000,4.36,0.92,0.30,0.04,1750.833,0.62
SRS2,2005-02-16,12:00,0.0,46.034,0.10,1854.167,16.62,3.81,0.44,0.01,2053.333,3.37
SRS2,2005-03-16,10:30,0.0,125.124,0.26,1140.000,34.42,0.44,0.12,0.06,-9999.000,0.32
SRS2,2005-04-13,14:15,0.0,195.654,0.14,2578.333,4.98,0.11,0.08,0.04,2496.667,0.03
SRS2,2005-06-30,10:30,0.0,30.706,0.42,1254.167,1.62,0.07,0.05,0.03,1467.500,0.02
SRS2,2005-07-18,11:45,0.0,32.829,0.17,1347.500,2.03,0.14,0.14,0.07,-9999.000,0.00
SRS2,2005-08-23,09:45,0.0,67.627,0.16,-9999.000,1.63,0.18,0.09,0.05,1162.500,0.09
SRS2,2005-09-23,10:00,0.0,55.811,0.14,-9999.000,2.05,0.05,0.05,0.08,1070.833,0.00
SRS2,2005-10-18,09:30,0.0,25.085,0.29,-9999.000,1.67,0.18,0.07,0.09,1020.000,0.11
SRS2,2005-11-10,14:50,0.0,19.958,0.16,-9999.000,3.19,0.32,0.14,0.11,1371.667,0.18
SRS2,2005-12-19,12:30,0.0,35.279,0.24,-9999.000,2.66,0.14,0.05,0.04,1716.667,0.10
SRS2,2006-01-17,11:40,0.0,22.061,0.20,-9999.000,6.52,0.33,0.08,0.01,1652.500,0.25
SRS2,2006-02-09,10:00,0.0,22.352,0.87,-9999.000,2.70,0.55,0.11,0.03,1645.000,0.43
SRS2,2006-03-02,10:15,0.0,35.464,0.28,-9999.000,2.30,0.24,0.09,0.04,1354.167,0.15
SRS2,2006-04-06,09:45,0.0,53.444,0.41,-9999.000,10.10,0.23,0.16,0.07,2167.500,0.07
SRS2,2006-05-16,10:20,0.0,104.495,1.21,-9999.000,-9999.00,6.20,0.42,0.09,1476.667,5.78
SRS2,2006-06-15,10:15,0.0,43.557,0.39,-9999.000,2.57,0.74,0.09,0.03,2412.500,0.64
SRS2,2006-07-31,12:00,0.0,30.228,0.29,-9999.000,1.40,0.23,0.12,0.04,1077.917,0.11
SRS2,2006-09-01,11:12,0.0,29.466,0.17,-9999.000,1.29,0.09,0.08,0.03,1096.667,0.01
SRS2,2006-09-21,11:00,0.0,58.272,0.20,-9999.000,0.97,0.06,0.06,0.03,1310.000,0.00
SRS2,2006-10-09,11:00,0.0,37.709,0.17,-9999.000,2.62,0.69,0.13,0.02,1110.833,0.56
SRS2,2006-11-13,11:05,0.0,42.863,0.38,-9999.000,4.00,0.22,0.04,0.04,1715.000,0.18
SRS2,2006-12-07,09:40,0.0,57.573,0.35,-9999.000,5.43,0.78,0.09,0.02,1935.833,0.70
SRS2,2007-01-18,11:00,0.0,73.414,0.33,-9999.000,7.86,2.81,0.22,0.06,2211.667,2.59
SRS2,2007-02-01,09:40,0.0,61.010,0.22,-9999.000,11.65,2.08,0.14,0.11,2486.667,1.94
SRS2,2007-03-19,11:30,0.0,82.662,0.32,-9999.000,-9999.00,0.68,0.16,0.07,2948.333,0.51
SRS2,2007-04-27,09:20,0.0,40.870,0.30,-9999.000,2.46,0.15,0.15,0.03,2149.167,0.00
SRS2,2007-05-24,10:20,0.0,74.778,0.39,-9999.000,3.11,0.21,0.21,0.01,1996.333,0.00
SRS2,2007-06-20,10:30,0.0,41.808,0.94,-9999.000,1.90,0.20,0.20,0.03,1282.333,0.00
SRS2,2007-07-26,11:15,0.0,96.748,0.13,-9999.000,4.12,0.43,0.07,0.11,1332.500,0.37
SRS2,2007-08-08,12:15,0.0,58.737,0.17,-9999.000,1.67,0.09,0.09,0.02,1276.667,0.00
SRS2,2007-09-05,10:45,0.0,49.186,0.11,-9999.000,1.87,0.19,0.11,0.03,1246.667,0.09
SRS2,2007-10-08,12:15,0.0,48.848,0.48,-9999.000,-9999.00,0.17,0.06,0.13,656.500,0.11
SRS2,2007-11-19,11:00,0.0,59.381,0.18,-9999.000,2.03,0.26,0.05,0.03,1178.333,0.21
SRS2,2007-12-05,09:10,0.0,62.542,0.15,-9999.000,23.30,0.34,0.07,0.05,1369.167,0.27
SRS2,2008-01-10,10:30,0.0,73.582,0.23,-9999.000,32.58,2.24,0.15,0.06,1410.000,2.09
SRS2,2008-02-28,10:20,0.0,151.733,0.15,-9999.000,49.16,0.38,0.22,0.09,2131.667,0.16
SRS2,2008-03-31,10:45,0.0,77.574,0.14,-9999.000,6.08,0.26,0.11,0.09,1375.417,0.15
SRS2,2008-04-10,09:45,0.0,72.852,0.08,-9999.000,5.37,0.12,0.10,0.06,1215.833,0.02
SRS2,2008-05-20,11:15,0.0,120.397,0.16,-9999.000,1.99,-9999.00,-9999.00,0.08,2331.500,-9999.00
SRS2,2008-06-24,12:30,0.0,38.760,0.48,-9999.000,2.10,0.11,0.08,0.10,1122.500,0.03
SRS2,2008-07-09,10:35,0.0,40.174,0.30,-9999.000,2.19,0.07,0.07,0.03,1587.500,0.00
SRS2,2008-08-06,09:15,0.0,24.568,0.33,-9999.000,1.37,0.09,0.09,0.05,1268.333,0.00
SRS2,2008-09-15,10:15,0.0,29.219,0.23,-9999.000,1.40,0.10,0.07,0.09,1030.000,0.03
SRS2,2008-10-06,12:40,0.0,22.846,0.22,-9999.000,0.57,0.06,0.06,0.06,902.500,0.00
SRS2,2008-11-03,09:35,0.0,32.439,0.11,-9999.000,1.74,0.06,0.06,0.07,1213.333,0.00
SRS2,2008-12-02,09:55,0.0,-9999.000,0.14,-9999.000,2.23,0.07,0.05,0.05,1285.833,0.01
SRS2,2009-01-05,11:20,0.0,33.137,0.14,-9999.000,4.24,0.14,0.07,-9999.00,1630.000,0.07
SRS2,2009-02-02,09:40,0.0,103.868,0.31,-9999.000,6.78,0.31,0.05,0.03,1632.917,0.26
SRS2,2009-03-02,11:15,0.0,150.814,0.24,-9999.000,34.75,0.20,0.13,0.03,1990.333,0.07
SRS2,2009-04-01,10:00,0.0,199.188,0.35,-9999.000,40.49,0.12,-9999.00,0.07,2519.000,-9999.00
SRS2,2009-06-29,09:50,0.0,99.489,0.21,-9999.000,1.23,0.11,-9999.00,0.06,1404.167,-9999.00
SRS2,2009-07-16,11:30,0.0,148.007,0.17,-9999.000,1.62,0.13,0.09,0.07,1849.167,0.03
SRS2,2009-08-10,10:30,0.0,44.010,0.25,-9999.000,1.56,0.18,0.10,0.10,1712.500,0.09
SRS2,2009-09-09,10:30,0.0,50.695,0.24,-9999.000,1.56,0.11,-9999.00,0.08,1814.167,-9999.00
SRS2,2009-10-05,10:05,0.0,29.051,0.13,-9999.000,1.65,0.23,0.10,0.06,1415.000,0.13
SRS2,2009-11-09,11:30,0.0,87.627,0.29,-9999.000,2.68,0.39,0.13,0.09,1898.333,0.26
SRS2,2009-12-07,10:00,0.0,137.692,0.21,-9999.000,5.17,0.39,0.08,0.04,2012.500,0.31
SRS2,2010-01-14,11:00,0.0,242.463,0.17,-9999.000,42.08,3.13,0.12,0.05,1805.833,3.01
SRS2,2010-02-01,10:30,0.0,176.984,0.56,-9999.000,49.22,1.40,0.16,0.02,1986.667,1.24
SRS2,2010-03-10,10:30,0.0,-9999.000,0.22,-9999.000,40.60,1.24,0.15,0.05,1796.667,1.08
SRS2,2010-04-07,09:30,0.0,181.084,0.22,-9999.000,2.48,0.14,0.11,0.04,2291.167,0.03
SRS2,2010-05-05,10:15,0.0,96.907,0.20,-9999.000,1.61,0.20,0.21,0.06,2380.667,0.00
SRS2,2010-06-16,10:50,0.0,146.220,0.19,-9999.000,1.71,0.17,0.13,0.04,2432.167,0.04
SRS2,2010-07-07,11:45,0.0,55.782,0.20,-9999.000,1.76,0.09,0.08,0.03,1622.500,0.02
SRS2,2010-08-09,11:05,0.0,36.002,0.23,-9999.000,0.78,0.05,0.09,0.06,1200.000,0.00
SRS2,2010-09-07,10:45,0.0,122.151,0.18,-9999.000,1.63,0.08,0.09,0.07,1255.833,0.00
SRS2,2010-10-04,11:45,0.0,83.700,0.30,-9999.000,1.38,0.25,0.14,0.06,1125.000,0.11
SRS2,2010-11-01,11:15,0.0,58.134,0.10,-9999.000,1.79,0.80,0.09,0.05,1439.167,0.70
SRS2,2010-12-01,10:00,0.0,63.045,0.12,-9999.000,4.42,6.10,0.07,0.18,1439.167,6.03
SRS2,2011-01-04,11:00,0.0,66.627,0.26,-9999.000,14.35,1.13,0.09,0.05,1230.833,1.04
SRS2,2011-02-02,11:00,0.0,103.956,0.23,-9999.000,15.93,0.93,0.08,0.03,1637.500,0.86
SRS2,2011-03-01,12:45,0.0,143.688,0.30,-9999.000,5.82,0.26,0.23,0.06,2155.000,0.04
SRS2,2011-07-13,11:30,0.0,115.755,0.36,-9999.000,1.98,0.21,0.18,0.03,1880.833,0.03
SRS2,2011-08-05,09:50,0.0,77.106,0.12,-9999.000,1.38,0.13,0.12,0.01,1461.667,0.01
SRS2,2011-09-07,10:35,0.0,65.862,0.14,-9999.000,0.88,0.16,0.11,0.02,1463.333,0.06
SRS2,2011-10-12,11:35,0.0,69.287,0.15,-9999.000,1.91,0.62,0.12,0.08,1509.167,0.50
SRS2,2011-11-07,13:00,0.0,38.596,0.16,-9999.000,1.53,1.11,0.12,0.32,970.000,0.99
SRS2,2011-12-14,09:50,0.0,72.879,0.38,-9999.000,2.26,0.59,0.09,0.04,1126.667,0.51
SRS2,2012-01-10,12:15,0.0,74.496,0.18,-9999.000,1.89,1.58,0.13,0.26,1480.833,1.45
SRS2,2012-02-15,12:00,0.0,69.462,0.24,-9999.000,4.68,2.60,0.12,0.19,1557.500,2.48
SRS2,2012-03-01,10:00,0.0,96.040,-9999.00,-9999.000,3.37,2.69,0.21,0.26,1949.167,2.48
SRS2,2012-04-12,9:15,0.0,160.836,0.40,-9999.000,29.68,1.73,0.22,0.31,2557.333,1.51
SRS2,2012-05-07,11:00,0.0,78.358,0.23,-9999.000,2.38,0.38,0.17,0.03,1780.000,0.21
SRS2,2012-06-19,10:50,0.0,61.107,0.15,-9999.000,1.69,0.18,0.03,0.05,1693.333,0.15
SRS2,2012-07-17,10:35,0.0,44.661,0.14,-9999.000,1.00,0.07,0.07,0.00,1410.833,0.00
SRS2,2012-08-14,6:00,0.0,84.264,0.17,-9999.000,1.62,0.13,0.04,0.07,1245.000,0.08
SRS2,2012-09-14,10:20,0.0,118.471,0.16,-9999.000,2.05,0.12,0.11,0.01,1126.667,0.00
SRS2,2012-10-10,13:30,0.0,51.255,0.16,-9999.000,1.30,0.15,0.09,0.04,1087.500,0.06
SRS2,2012-11-01,11:30,0.0,46.776,0.23,-9999.000,0.74,0.05,0.05,0.03,1178.333,0.00
SRS2,2012-12-17,10:00,0.0,56.223,0.17,-9999.000,3.06,0.16,0.06,0.04,1556.667,0.10
SRS2,2013-01-08,11:20,0.0,45.389,0.27,-9999.000,2.91,0.16,0.07,0.02,1388.333,0.09
SRS2,2013-02-12,10:10,0.0,112.278,0.34,-9999.000,20.57,1.28,0.15,0.07,1521.667,1.14
SRS2,2013-03-04,11:12,0.0,110.133,0.14,-9999.000,8.52,2.93,0.13,0.01,1675.833,2.80
SRS2,2013-04-04,10:00,0.0,143.168,0.92,-9999.000,1.86,0.40,0.24,0.06,2730.500,0.16
SRS2,2013-05-08,11:30,0.0,57.750,0.19,-9999.000,2.26,0.35,0.12,0.03,1619.667,0.23
SRS2,2013-06-20,10:30,0.0,62.426,0.32,-9999.000,2.06,0.15,0.01,0.05,1149.167,0.15
SRS2,2013-07-11,10:40,0.0,34.938,0.16,-9999.000,1.88,0.11,0.11,0.08,965.000,0.00
SRS2,2013-08-16,10:20,0.0,51.339,0.40,-9999.000,1.68,0.16,0.10,0.03,1158.333,0.06
SRS2,2013-09-12,10:20,0.0,49.799,0.18,-9999.000,2.56,0.48,0.38,0.04,1200.833,0.10
SRS2,2013-10-24,11:50,0.0,46.468,0.17,-9999.000,1.79,0.11,0.07,0.05,1239.167,0.04
SRS2,2013-11-07,10:10,0.0,46.875,0.09,-9999.000,2.15,0.25,0.16,0.06,1231.667,0.09
SRS2,2013-12-10,10:55,0.0,43.679,0.27,-9999.000,1.26,0.60,0.01,0.02,1159.167,0.58
SRS2,2014-01-14,11:14,0.0,69.902,0.11,-9999.000,24.44,1.28,0.11,0.02,1244.167,1.16
SRS2,2014-02-05,10:35,0.0,93.135,0.31,-9999.000,31.97,1.42,0.37,0.01,1515.417,1.06
SRS2,2014-03-06,9:10,0.0,88.371,2.02,-9999.000,20.58,1.08,0.27,0.05,1706.667,0.81
SRS2,2014-04-01,10:40,0.0,86.851,0.32,-9999.000,14.10,1.18,0.21,0.05,2076.667,0.97
SRS2,2014-05-12,9:45,0.0,110.830,0.34,-9999.000,7.38,0.33,0.16,0.08,2507.833,0.16
SRS2,2014-06-02,10:15,0.0,190.175,1.04,-9999.000,49.72,0.67,0.14,0.05,3057.500,0.53
SRS2,2014-07-16,10:40,0.0,57.556,0.49,-9999.000,2.62,0.21,0.09,0.18,1225.833,0.12
SRS2,2014-08-15,10:30,0.0,50.239,0.18,-9999.000,1.77,0.16,0.08,0.02,1207.500,0.07
SRS2,2014-09-15,10:45,0.0,42.719,1.63,-9999.000,2.82,0.19,0.12,-9999.00,1015.833,0.07
SRS2,2014-10-15,11:15,0.0,56.452,0.20,-9999.000,2.92,0.14,0.07,0.02,1484.167,0.07
SRS2,2014-11-10,10:30,0.0,64.792,0.11,-9999.000,2.22,0.36,0.10,0.01,1453.333,0.27
SRS2,2014-12-04,10:00,0.0,65.011,0.10,-9999.000,2.61,0.37,0.07,0.09,1591.667,0.30
SRS2,2015-01-13,11:06,0.0,61.742,0.11,-9999.000,3.37,0.27,0.09,0.02,1756.667,0.17
SRS2,2015-02-02,10:20,0.0,76.428,0.31,-9999.000,18.54,6.13,0.15,0.02,1745.000,5.98
SRS2,2015-03-02,11:00,0.0,88.238,0.29,-9999.000,13.00,0.31,0.17,0.07,2188.250,0.14
SRS2,2015-04-09,10:20,0.0,140.933,0.34,-9999.000,6.37,0.29,0.16,0.05,940.000,0.13
SRS2,2015-05-27,10:05,0.0,94.343,0.52,-9999.000,3.14,0.05,0.09,0.05,2360.000,0.00
SRS2,2015-06-23,9:50,0.0,96.604,0.22,-9999.000,5.81,0.20,0.17,0.02,2091.667,0.04
SRS2,2015-07-13,10:15,0.0,62.700,0.26,-9999.000,5.95,0.14,0.10,0.03,1510.833,0.04
SRS2,2015-08-11,11:03,0.0,84.337,0.25,-9999.000,13.56,0.27,0.10,0.02,2075.833,0.17
SRS2,2015-09-17,10:00,0.0,75.949,0.22,-9999.000,5.62,0.22,0.09,0.02,1528.333,0.13
SRS2,2015-10-05,10:30,0.0,71.845,0.19,-9999.000,4.00,0.14,0.06,0.02,1355.833,0.08
SRS2,2015-11-03,10:50,0.0,63.750,0.32,-9999.000,3.05,0.27,0.08,0.05,1655.000,0.20
SRS2,2015-12-03,9:40,0.0,67.494,0.17,-9999.000,1.70,0.24,0.06,0.03,1550.833,0.18
SRS2,2016-01-07,11:00,0.0,60.505,0.37,-9999.000,1.12,0.83,0.06,0.03,1409.583,0.77
SRS2,2016-02-02,9:50,0.0,44.373,0.16,-9999.000,1.10,0.33,0.05,0.04,1011.667,0.29
SRS2,2016-03-02,10:00,0.0,46.323,0.26,-9999.000,0.89,0.22,0.03,0.02,1196.667,0.19
SRS2,2016-04-05,10:05,0.0,58.657,0.16,-9999.000,1.14,0.48,0.05,0.02,1479.167,0.43
SRS2,2016-05-10,10:30,0.0,50.386,0.23,-9999.000,1.04,0.32,0.10,0.01,1427.500,0.22
SRS2,2016-06-06,9:30,0.0,56.491,0.21,-9999.000,0.89,0.14,0.05,0.03,1476.667,0.08
SRS2,2016-07-19,9:45,0.0,73.095,0.21,-9999.000,0.83,0.20,0.11,0.04,1601.667,0.09
SRS2,2016-08-15,10:50,0.0,107.611,0.12,-9999.000,1.27,0.24,0.08,0.04,1443.333,0.16
SRS2,2016-09-14,10:10,0.0,52.010,0.16,-9999.000,1.20,0.18,0.04,0.03,1353.333,0.14
SRS2,2016-10-20,12:30,0.0,42.869,0.26,-9999.000,1.21,0.31,0.08,0.04,1064.167,0.23
SRS2,2016-11-02,10:30,0.0,46.143,0.11,-9999.000,1.19,0.20,0.04,0.01,1085.000,0.16
SRS2,2016-12-01,11:00,0.0,57.919,0.23,-9999.000,2.65,1.01,0.06,0.01,1287.500,0.94
SRS3,2001-06-12,10:00,2.5,116.066,1.85,2403.333,1.54,0.21,0.21,0.03,2393.333,0.00
SRS3,2001-07-23,11:30,0.0,71.656,0.24,1623.333,5.03,0.48,0.19,0.04,1633.333,0.29
SRS3,2001-09-05,11:00,0.0,43.105,0.13,1334.167,1.55,0.31,0.09,0.03,1340.000,0.22
SRS3,2001-10-14,11:00,0.0,39.530,0.12,1236.667,2.00,0.23,0.11,0.01,1242.500,0.12
SRS3,2001-11-19,09:00,0.0,67.842,0.85,1431.667,3.82,1.57,0.04,0.00,1374.167,1.53
SRS3,2001-12-13,12:00,0.0,40.666,-9999.00,1126.667,3.75,2.51,0.13,-9999.00,1095.000,2.38
SRS3,2002-01-15,09:30,0.0,71.820,-9999.00,1456.667,3.34,1.89,0.11,-9999.00,1419.167,1.78
SRS3,2002-02-10,11:00,0.0,57.560,-9999.00,1637.500,-9999.00,5.47,0.15,-9999.00,1610.833,5.33
SRS3,2002-03-08,11:00,0.0,42.830,0.55,1608.333,8.71,4.08,0.10,0.01,1653.333,3.98
SRS3,2002-04-05,10:00,0.4,34.591,0.17,1850.833,-9999.00,1.15,0.15,0.00,1916.667,1.01
SRS3,2002-05-07,11:00,0.0,118.601,2.32,2094.167,-9999.00,1.79,0.64,0.06,2115.000,1.15
SRS3,2002-06-06,10:30,0.0,78.371,0.46,-9999.000,-9999.00,-9999.00,-9999.00,-9999.00,-9999.000,-9999.00
SRS3,2002-07-16,10:00,0.0,74.251,0.36,993.333,1.76,1.21,0.12,0.08,978.333,1.08
SRS3,2002-08-21,10:30,0.0,40.228,-9999.00,1362.500,2.09,0.42,0.14,0.02,1355.833,0.28
SRS3,2002-09-24,09:00,0.0,47.741,0.06,1295.833,2.16,0.13,0.09,0.02,1347.500,0.04
SRS3,2002-10-18,09:30,0.0,38.746,0.08,1500.833,1.48,0.33,0.10,0.01,1430.000,0.23
SRS3,2002-11-19,11:50,0.0,51.791,0.08,1294.167,1.73,0.93,0.10,0.04,1229.167,0.83
SRS3,2002-12-19,09:15,0.0,42.408,0.10,1059.167,4.00,1.79,0.07,0.05,1264.167,1.72
SRS3,2003-01-17,09:00,0.0,54.090,-9999.00,933.333,-9999.00,4.97,0.11,0.02,1510.000,4.86
SRS3,2003-02-20,09:30,0.0,110.494,0.26,783.917,-9999.00,1.74,0.32,0.05,1956.667,1.42
SRS3,2003-03-25,10:00,0.0,29.898,-9999.00,2267.500,-9999.00,0.94,0.14,0.00,2400.000,0.81
SRS3,2003-04-24,11:45,0.0,102.850,0.36,2140.000,7.37,0.38,0.16,0.01,1870.833,0.22
SRS3,2003-05-15,12:30,0.0,31.955,0.32,1910.833,5.40,1.03,0.16,0.02,1805.000,0.87
SRS3,2003-06-10,09:30,0.0,31.647,0.14,922.500,0.91,0.18,0.09,0.01,865.833,0.09
SRS3,2003-07-24,08:45,0.0,47.344,-9999.00,1123.333,1.08,0.17,0.11,0.06,1115.000,0.06
SRS3,2003-08-18,08:45,0.0,48.003,0.13,-9999.000,1.07,0.08,0.06,0.04,961.667,0.02
SRS3,2003-09-09,10:45,0.0,34.218,0.13,955.417,2.43,0.10,0.02,0.07,1026.667,0.08
SRS3,2003-10-16,09:15,0.0,29.557,0.11,1028.333,0.87,0.14,0.07,0.04,1098.333,0.07
SRS3,2003-11-10,09:00,0.0,26.834,0.21,925.833,1.59,0.45,0.16,0.02,1024.167,0.29
SRS3,2003-12-09,09:45,0.0,29.477,0.08,1349.167,3.29,0.68,0.08,0.02,1453.333,0.60
SRS3,2004-01-06,10:45,0.0,31.800,0.09,1430.833,5.47,1.16,0.26,0.12,1573.333,0.90
SRS3,2004-02-10,09:00,0.0,38.386,0.10,1466.667,3.76,1.82,0.29,0.06,1523.083,1.53
SRS3,2004-03-15,13:20,0.0,40.156,0.09,1612.500,7.15,1.71,0.16,0.03,1651.667,1.55
SRS3,2004-05-05,09:45,0.0,46.692,0.29,2120.000,-9999.00,1.39,0.27,0.02,2137.500,1.12
SRS3,2004-06-24,09:30,0.0,124.803,0.27,1994.167,3.14,1.88,0.22,0.04,2117.500,1.66
SRS3,2004-07-29,10:50,0.0,22.648,0.28,1132.500,1.60,0.52,0.08,0.06,1288.333,0.44
SRS3,2004-08-17,09:00,0.0,36.527,0.22,1017.083,1.05,1.24,0.08,0.06,961.667,1.16
SRS3,2004-09-08,11:45,0.0,18.355,-9999.00,821.833,0.82,0.73,0.05,-9999.00,915.833,0.68
SRS3,2004-10-14,09:30,0.0,22.040,0.12,951.667,0.93,0.69,0.06,0.05,1009.167,0.63
SRS3,2004-11-17,16:00,0.0,33.629,0.10,1230.000,1.18,0.27,0.12,0.04,1288.333,0.15
SRS3,2004-12-07,10:15,0.0,21.418,-9999.00,1420.000,1.77,1.62,0.16,-9999.00,-9999.000,1.46
SRS3,2005-01-05,10:30,0.0,41.887,-9999.00,1693.333,2.15,3.87,0.15,-9999.00,1820.833,3.72
SRS3,2005-02-16,10:00,0.0,77.673,0.23,1930.000,-9999.00,5.20,0.45,0.04,2080.000,4.75
SRS3,2005-03-16,09:15,0.0,87.169,0.22,649.250,44.99,0.90,0.10,-9999.00,847.500,0.80
SRS3,2005-04-13,13:50,0.0,145.903,0.46,2172.500,6.10,3.35,0.34,0.04,2019.167,3.01
SRS3,2005-05-23,11:15,5.0,57.858,0.76,1712.500,2.86,0.32,0.18,0.05,1644.167,0.14
SRS3,2005-06-30,09:00,0.0,24.578,0.44,1203.333,1.61,0.11,0.08,0.10,1390.000,0.03
SRS3,2005-07-18,09:15,0.0,34.853,0.27,1497.500,1.40,0.19,0.14,0.11,833.333,0.05
SRS3,2005-08-23,09:00,0.0,72.074,0.15,-9999.000,4.11,0.27,0.13,0.05,1081.667,0.14
SRS3,2005-09-23,08:45,0.0,35.473,0.13,-9999.000,1.08,0.05,0.05,0.11,998.750,0.00
SRS3,2005-10-18,08:45,0.0,19.861,0.28,-9999.000,2.98,0.33,0.08,0.07,1144.167,0.24
SRS3,2005-11-10,12:05,0.0,18.656,0.13,-9999.000,2.31,0.27,0.12,0.06,1189.167,0.15
SRS3,2005-12-19,10:00,0.0,34.103,0.26,-9999.000,4.20,0.97,0.08,0.02,1593.333,0.90
SRS3,2006-01-17,10:20,0.0,46.477,0.20,-9999.000,5.50,2.37,0.09,0.02,1764.167,2.28
SRS3,2006-02-09,09:15,0.0,25.807,0.88,-9999.000,4.42,2.43,0.08,0.04,1809.167,2.36
SRS3,2006-03-02,09:20,0.0,28.064,0.29,-9999.000,1.52,1.48,0.11,0.06,1417.500,1.37
SRS3,2006-04-06,09:00,0.0,43.140,0.65,-9999.000,-9999.00,0.20,0.20,0.02,1754.167,0.00
SRS3,2006-05-16,09:30,0.0,63.081,2.21,-9999.000,3.25,10.20,0.53,0.08,1865.833,9.67
SRS3,2006-06-15,09:50,0.0,24.777,0.39,-9999.000,3.07,0.43,0.03,0.07,1681.667,0.40
SRS3,2006-07-31,10:15,0.0,39.597,0.40,-9999.000,1.32,0.18,0.09,0.03,1238.333,0.09
SRS3,2006-09-01,08:50,0.0,23.137,0.19,-9999.000,1.14,0.17,0.07,0.03,867.500,0.10
SRS3,2006-09-21,09:00,0.0,45.770,0.19,-9999.000,1.76,-9999.00,-9999.00,0.12,1279.167,-9999.00
SRS3,2006-10-09,09:30,0.0,29.331,0.15,-9999.000,1.24,0.43,0.09,0.07,853.333,0.34
SRS3,2006-11-13,09:15,0.0,27.548,0.32,-9999.000,4.33,2.17,0.06,0.03,1257.500,2.11
SRS3,2006-12-07,08:45,0.0,43.419,0.29,-9999.000,3.44,2.72,0.19,0.02,1339.167,2.53
SRS3,2007-01-18,09:15,0.0,59.097,0.28,-9999.000,-9999.00,-9999.00,-9999.00,-9999.00,-9999.000,-9999.00
SRS3,2007-02-01,08:35,0.0,53.002,0.20,-9999.000,28.47,6.29,0.21,0.04,1842.500,6.09
SRS3,2007-03-19,10:00,0.0,121.898,0.86,-9999.000,-9999.00,2.58,0.40,-9999.00,2062.500,2.18
SRS3,2007-04-27,08:45,0.0,36.818,0.26,-9999.000,7.97,0.52,0.17,0.02,1779.167,0.35
SRS3,2007-05-24,09:30,0.0,59.062,0.27,-9999.000,10.66,0.30,0.20,0.02,1881.333,0.10
SRS3,2007-06-20,09:35,0.0,47.878,1.12,-9999.000,3.02,0.49,0.19,0.02,1398.333,0.30
SRS3,2007-07-26,09:30,0.0,56.827,0.14,-9999.000,1.13,0.37,0.12,0.02,930.000,0.25
SRS3,2007-08-08,11:30,0.0,45.443,0.18,-9999.000,1.01,0.34,0.08,0.03,822.833,0.27
SRS3,2007-09-05,09:23,0.0,46.455,0.15,-9999.000,2.49,1.24,0.19,0.02,1173.333,1.05
SRS3,2007-10-08,09:00,0.0,28.115,0.42,-9999.000,1.39,1.54,0.08,0.08,556.750,1.46
SRS3,2007-11-19,09:35,0.0,48.274,0.18,-9999.000,1.15,0.20,0.07,0.01,1039.167,0.12
SRS3,2007-12-05,08:40,0.0,49.343,0.16,-9999.000,13.84,3.69,0.10,0.04,1195.833,3.58
SRS3,2008-01-10,09:20,0.0,74.929,0.17,-9999.000,41.75,3.84,0.38,0.04,1430.000,3.47
SRS3,2008-02-28,09:30,0.0,167.807,0.34,-9999.000,72.01,3.43,0.35,0.04,1853.333,3.08
SRS3,2008-03-31,10:00,0.0,140.843,0.60,-9999.000,32.86,24.96,2.19,0.07,1481.667,22.78
SRS3,2008-04-10,09:00,0.0,77.715,0.32,-9999.000,1.83,3.79,0.12,0.08,1430.833,3.67
SRS3,2008-05-20,10:30,0.0,76.415,0.65,-9999.000,2.87,0.29,0.11,0.10,1482.500,0.18
SRS3,2008-06-24,11:00,0.0,48.129,0.68,-9999.000,2.34,1.69,0.15,0.08,1425.833,1.54
SRS3,2008-07-09,08:30,0.0,34.348,0.36,-9999.000,1.69,0.13,0.09,0.02,1398.333,0.04
SRS3,2008-08-06,08:30,0.0,25.242,0.38,-9999.000,1.05,0.32,0.10,0.05,1295.833,0.22
SRS3,2008-09-15,08:20,0.0,34.595,0.34,-9999.000,1.43,0.08,0.08,0.05,961.667,0.00
SRS3,2008-10-06,09:25,0.0,17.129,0.12,-9999.000,1.03,0.13,0.06,0.06,852.500,0.06
SRS3,2008-11-03,08:28,0.0,31.101,0.10,-9999.000,2.52,0.05,0.04,0.07,1164.167,0.01
SRS3,2008-12-02,08:40,0.0,26.560,0.26,-9999.000,2.60,0.12,0.05,0.07,1208.333,0.07
SRS3,2009-01-05,09:20,0.0,28.047,0.14,-9999.000,2.84,0.93,0.07,0.03,1417.917,0.87
SRS3,2009-02-02,08:30,0.0,83.777,0.48,-9999.000,6.27,1.91,0.09,0.01,1762.500,1.82
SRS3,2009-03-02,10:00,0.0,89.330,0.28,-9999.000,17.29,2.42,0.15,0.02,1743.667,2.27
SRS3,2009-04-01,09:00,0.5,139.884,0.85,-9999.000,76.02,0.44,0.24,0.08,2187.333,0.20
SRS3,2009-05-12,12:00,4.6,45.518,0.47,-9999.000,1.91,5.64,0.80,0.04,1784.167,4.84
SRS3,2009-06-29,09:15,0.0,61.948,0.32,-9999.000,1.57,0.09,-9999.00,0.06,1097.500,-9999.00
SRS3,2009-07-16,09:04,0.0,60.011,0.17,-9999.000,1.26,0.13,0.12,0.10,1053.333,0.01
SRS3,2009-08-10,09:30,0.0,34.808,0.18,-9999.000,0.67,0.16,0.09,0.06,945.000,0.07
SRS3,2009-09-09,09:15,0.0,53.436,0.19,-9999.000,1.71,0.22,0.12,0.03,1394.167,0.10
SRS3,2009-10-05,10:40,0.0,62.545,0.17,-9999.000,1.65,0.16,0.12,0.04,1875.833,0.03
SRS3,2009-11-09,09:15,0.0,99.818,0.37,-9999.000,3.53,0.67,0.11,0.10,1888.333,0.55
SRS3,2009-12-07,09:15,0.0,129.135,0.12,-9999.000,5.02,0.71,0.09,0.04,1948.333,0.62
SRS3,2010-01-14,09:15,0.0,200.591,0.15,-9999.000,27.31,2.39,0.06,0.04,1623.333,2.32
SRS3,2010-02-01,09:30,0.0,134.467,0.46,-9999.000,27.65,2.56,0.16,0.01,1668.333,2.40
SRS3,2010-03-10,09:30,0.0,207.867,0.23,-9999.000,43.88,1.77,0.17,0.06,595.583,1.61
SRS3,2010-04-07,08:40,0.0,200.319,0.29,-9999.000,13.29,0.56,0.19,0.08,2063.333,0.37
SRS3,2010-05-05,09:15,0.0,104.414,0.35,-9999.000,4.31,0.50,0.23,0.04,2365.667,0.27
SRS3,2010-06-16,09:40,0.0,133.228,0.27,-9999.000,1.50,0.23,0.15,0.05,1866.667,0.09
SRS3,2010-07-07,09:45,0.0,56.546,0.27,-9999.000,1.28,0.09,0.07,0.02,1434.167,0.02
SRS3,2010-08-09,09:45,0.0,38.007,0.35,-9999.000,1.01,0.16,0.11,0.05,1181.667,0.05
SRS3,2010-09-07,09:00,0.0,56.437,0.18,-9999.000,0.84,0.09,0.08,0.05,912.500,0.01
SRS3,2010-10-04,10:30,0.0,68.769,0.27,-9999.000,0.94,0.11,0.11,0.06,1022.500,0.01
SRS3,2010-11-01,09:45,0.0,44.773,0.10,-9999.000,1.04,0.66,0.08,0.04,1258.333,0.59
SRS3,2010-12-01,09:20,0.0,50.141,0.16,-9999.000,1.30,0.79,0.06,0.04,1227.500,0.73
SRS3,2011-01-04,09:30,0.0,44.840,0.28,-9999.000,3.82,2.85,0.12,0.07,1037.500,2.73
SRS3,2011-02-02,10:00,0.0,90.819,0.29,-9999.000,9.04,2.33,0.10,0.03,1359.167,2.22
SRS3,2011-03-01,11:30,0.0,111.691,0.32,-9999.000,0.75,0.67,0.16,0.05,1537.500,0.52
SRS3,2011-04-12,09:50,0.0,91.328,1.00,-9999.000,1.32,0.15,0.12,0.03,1500.833,0.03
SRS3,2011-05-12,10:15,0.0,91.386,0.78,-9999.000,1.36,0.19,0.09,0.14,1573.333,0.10
SRS3,2011-06-14,11:00,0.0,82.271,1.10,-9999.000,1.52,1.13,0.11,0.40,1606.667,1.02
SRS3,2011-07-13,09:40,0.0,111.197,0.49,-9999.000,1.63,0.28,0.15,0.07,2285.833,0.13
SRS3,2011-08-05,09:15,0.0,79.883,0.20,-9999.000,1.91,0.23,0.14,0.01,1689.167,0.08
SRS3,2011-09-07,09:05,0.0,50.512,0.17,-9999.000,1.50,0.18,0.10,0.03,1136.667,0.08
SRS3,2011-10-12,10:32,0.2,52.897,0.14,-9999.000,1.20,0.65,0.10,0.06,1090.833,0.55
SRS3,2011-11-07,11:50,0.2,32.300,0.23,-9999.000,0.92,0.17,0.08,0.34,859.167,0.10
SRS3,2011-12-14,08:50,0.0,55.754,0.23,-9999.000,1.52,0.54,0.07,0.06,970.000,0.47
SRS3,2012-01-10,10:35,0.0,67.023,0.24,-9999.000,0.79,0.42,0.04,0.29,1491.667,0.38
SRS3,2012-02-01,7:50,0.0,52.156,0.12,-9999.000,3.32,1.19,0.11,0.20,1505.000,1.08
SRS3,2012-03-01,9:00,0.0,78.460,-9999.00,-9999.000,6.49,1.79,0.12,0.24,1760.833,1.67
SRS3,2012-04-12,8:55,0.3,101.174,1.05,-9999.000,2.50,0.52,0.10,0.23,2330.667,0.42
SRS3,2012-05-07,9:50,0.4,59.011,0.29,-9999.000,1.33,0.36,0.11,0.05,1664.167,0.25
SRS3,2012-06-19,10:00,0.0,45.851,0.19,-9999.000,1.37,0.25,0.03,0.06,1328.333,0.22
SRS3,2012-07-17,9:30,0.0,50.325,0.16,-9999.000,1.04,0.10,0.08,0.00,1225.000,0.02
SRS3,2012-08-14,8:15,0.0,49.769,0.16,-9999.000,1.16,0.16,0.04,0.07,1059.167,0.12
SRS3,2012-09-14,9:15,0.0,51.010,0.17,-9999.000,0.90,0.15,0.12,0.02,1270.000,0.02
SRS3,2012-10-10,10:00,0.0,29.786,0.17,-9999.000,1.02,0.08,0.07,0.01,913.333,0.01
SRS3,2012-11-01,10:45,0.0,37.029,0.15,-9999.000,0.74,0.07,0.06,0.06,1128.333,0.01
SRS3,2012-12-17,9:00,0.0,41.770,0.23,-9999.000,1.69,0.34,0.08,0.03,1232.500,0.26
SRS3,2013-01-08,9:40,0.0,36.410,0.28,-9999.000,2.68,0.65,0.07,0.02,1304.167,0.59
SRS3,2013-02-12,9:10,0.3,86.386,0.39,-9999.000,6.66,2.27,0.12,0.02,1670.000,2.15
SRS3,2013-03-04,9:40,0.3,90.270,0.17,-9999.000,6.59,2.74,0.09,0.03,228.060,2.64
SRS3,2013-04-04,9:25,0.5,130.231,1.01,-9999.000,25.89,3.05,0.14,0.01,2088.333,2.91
SRS3,2013-05-08,10:00,0.2,53.891,0.35,-9999.000,1.89,0.92,0.13,0.04,1698.333,0.79
SRS3,2013-06-20,9:25,0.0,48.964,0.24,-9999.000,1.00,0.11,0.09,0.04,1055.000,0.02
SRS3,2013-07-11,9:20,0.0,30.056,0.23,-9999.000,1.74,0.18,0.17,0.02,828.583,0.02
SRS3,2013-08-16,9:20,0.0,43.182,0.33,-9999.000,1.62,0.45,0.09,0.03,1135.000,0.36
SRS3,2013-09-12,9:20,0.0,46.298,0.22,-9999.000,1.80,0.64,0.41,0.03,1140.000,0.23
SRS3,2013-10-24,9:45,0.0,39.541,0.18,-9999.000,1.33,0.36,0.05,0.03,1198.333,0.31
SRS3,2013-11-07,8:50,0.0,41.541,0.16,-9999.000,1.15,0.32,0.11,0.04,1205.833,0.21
SRS3,2013-12-10,9:45,0.0,50.973,0.16,-9999.000,2.10,0.51,0.08,0.05,1195.833,0.42
SRS3,2014-01-14,9:50,0.2,48.418,0.12,-9999.000,5.95,1.23,0.10,0.04,1373.333,1.13
SRS3,2014-02-05,9:40,0.3,60.133,0.16,-9999.000,8.77,2.31,0.21,0.04,1463.333,2.10
SRS3,2014-03-06,8:00,0.3,70.243,1.77,-9999.000,12.59,3.64,0.19,0.02,1588.333,3.45
SRS3,2014-04-01,9:45,0.0,68.300,0.47,-9999.000,11.36,3.07,0.22,0.06,1806.667,2.84
SRS3,2014-05-12,8:45,0.7,146.136,0.84,-9999.000,86.16,1.67,0.28,0.06,1881.167,1.40
SRS3,2014-06-02,11:00,1.9,72.614,1.51,-9999.000,2.65,1.78,0.30,0.05,1688.333,1.48
SRS3,2014-07-16,9:20,0.1,34.486,0.48,-9999.000,2.29,0.25,0.08,0.20,1017.500,0.17
SRS3,2014-08-15,9:40,0.0,36.951,0.31,-9999.000,1.02,0.16,0.08,0.02,1010.000,0.07
SRS3,2014-09-15,9:45,0.0,37.061,0.42,-9999.000,1.06,0.56,0.12,0.15,940.000,0.44
SRS3,2014-10-15,9:45,0.0,56.956,0.24,-9999.000,1.52,0.54,0.09,0.07,1225.833,0.45
SRS3,2014-11-10,9:20,0.0,56.082,0.16,-9999.000,1.64,0.37,0.07,0.04,1391.667,0.30
SRS3,2014-12-04,8:55,0.3,61.946,0.10,-9999.000,2.21,1.78,0.08,0.11,1570.000,1.71
SRS3,2015-01-13,9:50,0.3,52.532,0.12,-9999.000,3.73,3.99,0.13,0.03,1634.167,3.86
SRS3,2015-02-02,9:40,0.3,68.202,0.29,-9999.000,9.12,5.83,0.13,0.03,1714.167,5.70
SRS3,2015-03-02,9:40,0.4,67.099,0.37,-9999.000,8.48,1.98,0.24,0.09,1973.333,1.74
SRS3,2015-04-09,9:30,0.7,231.050,0.84,-9999.000,121.35,1.99,0.37,0.04,3016.000,1.62
SRS3,2015-05-27,8:40,0.8,97.989,1.00,-9999.000,18.97,0.05,0.10,0.01,2056.667,0.28
SRS3,2015-06-23,9:20,0.5,75.945,0.43,-9999.000,5.94,0.73,0.20,0.03,1984.167,0.53
SRS3,2015-07-13,9:40,0.3,43.445,0.38,-9999.000,1.97,0.61,0.12,0.03,1508.333,0.48
SRS3,2015-08-11,10:10,0.0,32.208,0.25,-9999.000,0.97,0.32,0.11,0.02,1388.333,0.22
SRS3,2015-09-17,9:20,0.0,43.092,0.24,-9999.000,1.29,0.45,0.10,0.03,1033.333,0.35
SRS3,2015-10-05,11:45,0.0,49.461,0.24,-9999.000,1.10,0.23,0.06,0.01,1124.167,0.17
SRS3,2015-11-03,9:40,0.0,50.661,0.32,-9999.000,2.85,0.60,0.08,0.04,1322.500,0.51
SRS3,2015-12-03,8:55,0.0,51.295,0.40,-9999.000,1.08,0.68,0.07,0.02,1325.833,0.61
SRS3,2016-01-07,9:30,0.0,52.091,0.27,-9999.000,0.98,0.34,0.05,0.02,1267.500,0.28
SRS3,2016-02-02,9:00,0.0,39.631,0.16,-9999.000,1.62,0.40,0.04,0.04,983.333,0.36
SRS3,2016-03-02,9:10,0.0,48.236,0.25,-9999.000,1.39,0.41,0.04,0.03,1335.000,0.37
SRS3,2016-04-05,9:10,0.0,61.725,0.19,-9999.000,1.33,0.34,0.07,0.02,1581.667,0.28
SRS3,2016-05-10,9:20,0.0,69.714,0.29,-9999.000,1.22,0.52,0.12,0.03,1727.500,0.40
SRS3,2016-06-06,8:50,0.3,75.119,0.21,-9999.000,1.14,0.55,0.06,0.02,1768.333,0.49
SRS3,2016-07-19,8:45,0.2,59.770,0.17,-9999.000,0.90,1.21,0.08,0.03,1260.000,1.13
SRS3,2016-08-15,9:50,0.2,50.719,0.15,-9999.000,1.51,1.38,0.14,0.05,1310.000,1.24
SRS3,2016-09-14,9:10,0.2,51.806,0.18,-9999.000,1.23,0.62,0.07,0.09,1225.000,0.55
SRS3,2016-10-20,10:30,0.4,40.703,0.25,-9999.000,0.85,0.57,0.08,0.07,1060.833,0.49
SRS3,2016-11-02,9:20,0.2,42.822,0.15,-9999.000,1.01,1.13,0.06,0.02,1083.333,1.07
SRS3,2016-12-01,9:40,0.2,55.073,0.20,-9999.000,1.73,2.56,0.07,0.03,1208.333,2.49
SRS4,2001-05-23,11:00,19.5,47.534,0.49,1225.833,3.80,1.44,0.22,0.04,1145.833,1.22
SRS4,2001-06-26,14:30,12.3,43.245,0.54,781.417,1.04,0.65,0.30,0.02,830.917,0.35
SRS4,2001-07-25,11:00,7.0,45.313,0.23,1538.333,1.45,1.14,0.22,0.03,1463.333,0.92
SRS4,2001-09-10,11:00,0.7,45.340,0.24,1307.500,2.38,0.99,0.15,0.08,1270.833,0.84
SRS4,2001-10-06,10:00,0.2,30.942,0.17,922.500,0.79,0.26,0.10,0.02,936.667,0.16
SRS4,2001-10-31,11:00,1.0,44.116,0.15,1142.500,3.15,0.25,0.05,0.00,1180.833,0.20
SRS4,2001-11-28,11:00,0.8,37.244,0.14,1142.500,1.90,0.37,0.12,-9999.00,1118.333,0.25
SRS4,2001-12-17,10:00,1.0,40.124,0.16,1216.667,2.29,0.55,0.12,0.00,1179.167,0.43
SRS4,2002-01-24,12:30,1.4,30.418,0.35,1322.500,2.04,1.75,0.23,-9999.00,1333.333,1.52
SRS4,2002-02-26,11:00,2.2,27.233,0.22,1475.000,3.71,2.99,0.24,0.01,1531.667,2.75
SRS4,2002-04-02,13:30,6.9,22.222,0.20,1436.667,2.60,0.29,0.16,0.04,1438.333,0.14
SRS4,2002-05-13,11:00,17.0,73.546,0.67,1359.167,1.74,0.32,0.12,0.09,1384.167,0.20
SRS4,2002-06-27,09:30,0.4,34.344,0.18,1173.333,3.11,2.78,0.18,0.05,1138.333,2.61
SRS4,2002-07-25,11:00,0.7,76.376,0.34,1192.500,0.76,1.54,0.18,0.06,1083.333,1.36
SRS4,2002-08-19,10:15,0.8,42.362,0.11,1178.333,2.70,0.57,0.13,0.03,1243.333,0.44
SRS4,2002-09-26,10:30,0.5,37.666,0.09,1056.667,0.84,0.28,0.12,0.01,1221.667,0.16
SRS4,2002-10-21,11:00,0.8,21.706,0.13,1343.333,0.89,0.42,0.11,0.03,1254.167,0.31
SRS4,2002-11-21,10:15,1.2,30.429,0.23,1353.333,3.10,1.43,0.11,0.05,1199.167,1.32
SRS4,2002-12-17,10:00,0.9,38.138,-9999.00,1461.667,3.82,2.95,0.15,-9999.00,1154.167,2.80
SRS4,2003-01-23,12:30,1.6,36.922,0.05,-9999.000,7.49,4.41,0.26,0.02,-9999.000,4.15
SRS4,2003-02-18,10:00,4.1,26.883,0.26,-9999.000,4.28,4.77,0.39,0.05,-9999.000,4.39
SRS4,2003-03-27,10:00,15.2,44.462,0.27,1096.667,8.68,2.51,0.16,0.10,1118.333,2.35
SRS4,2003-04-22,10:00,14.6,26.503,0.29,1156.667,1.44,1.25,0.10,-9999.00,1072.083,1.15
SRS4,2003-05-15,10:20,4.4,53.798,0.54,1324.167,2.21,0.68,0.15,0.05,1276.667,0.53
SRS4,2003-06-19,10:45,1.2,38.169,0.12,1076.667,0.45,0.27,0.16,0.04,1060.000,0.11
SRS4,2003-07-30,10:45,1.0,52.680,0.29,1103.333,0.83,0.46,0.13,0.02,1135.833,0.33
SRS4,2003-08-11,10:20,0.7,26.064,0.15,1086.667,0.82,0.16,0.12,0.00,1095.833,0.04
SRS4,2003-09-11,12:15,0.4,30.772,0.18,944.167,1.04,0.78,0.12,0.04,952.500,0.67
SRS4,2003-10-07,10:30,0.3,22.350,0.26,830.833,1.36,0.10,0.10,0.03,874.167,-9999.00
SRS4,2003-11-06,09:45,0.7,45.721,0.70,1009.583,1.28,0.49,0.11,0.03,1122.083,0.38
SRS4,2003-12-04,11:00,1.0,22.161,0.20,1165.417,4.06,1.13,0.16,-9999.00,1315.833,0.97
SRS4,2004-01-12,10:30,1.2,25.697,0.18,1399.167,2.76,3.05,0.17,0.01,1470.000,2.89
SRS4,2004-02-09,10:45,1.0,35.948,0.19,1342.500,4.02,6.21,0.94,0.04,1353.333,5.27
SRS4,2004-03-16,12:00,1.9,40.571,0.08,1440.417,3.74,2.48,0.24,0.02,1520.000,2.24
SRS4,2004-04-06,10:15,11.1,27.044,0.24,-9999.000,3.19,4.51,0.18,0.02,-9999.000,4.33
SRS4,2004-05-03,10:40,8.0,30.892,0.31,-9999.000,2.34,2.58,0.26,0.00,-9999.000,2.32
SRS4,2004-06-02,09:40,24.4,32.281,0.33,1003.333,1.50,2.47,0.26,0.05,1115.833,2.21
SRS4,2004-07-20,10:45,3.6,21.548,0.44,1111.667,0.85,0.95,0.16,0.05,1170.000,0.78
SRS4,2004-08-16,10:35,0.7,34.871,0.34,1176.667,0.96,7.64,0.14,0.05,1114.167,7.50
SRS4,2004-09-01,10:00,0.5,50.485,0.31,960.833,0.76,0.96,0.12,0.04,999.167,0.83
SRS4,2004-10-13,10:30,1.1,25.472,0.18,977.500,0.78,1.13,0.11,0.03,1049.167,1.02
SRS4,2004-11-16,10:45,1.1,27.737,0.12,1096.667,1.57,3.03,0.38,0.04,1266.667,2.65
SRS4,2004-12-02,10:20,0.6,26.902,0.24,1186.667,1.76,3.21,0.37,-9999.00,1388.333,2.84
SRS4,2005-01-06,10:40,1.3,41.130,0.09,1535.000,4.07,7.14,0.66,0.05,1725.000,6.48
SRS4,2005-02-21,10:45,8.2,24.069,0.30,1540.000,6.22,1.62,0.60,0.06,1633.333,1.03
SRS4,2005-03-09,10:30,7.3,45.200,0.35,1455.000,2.59,2.67,0.24,-9999.00,-9999.000,2.43
SRS4,2005-04-19,10:00,12.3,32.028,0.51,1416.667,1.63,1.23,0.19,-9999.00,1454.167,1.05
SRS4,2005-05-18,10:00,17.7,37.059,0.36,1215.000,0.46,1.81,0.06,-9999.00,1206.667,1.75
SRS4,2005-06-29,10:15,1.2,28.852,0.42,1212.500,0.78,0.33,0.16,0.08,1355.833,0.17
SRS4,2005-07-21,10:00,1.2,31.773,0.30,1396.667,1.40,0.43,0.23,0.06,826.667,0.20
SRS4,2005-09-13,11:00,0.5,28.386,0.15,-9999.000,2.54,0.47,0.10,0.14,961.667,0.37
SRS4,2005-10-11,09:45,0.3,26.104,0.12,-9999.000,1.40,0.32,0.10,0.08,1091.667,0.22
SRS4,2005-11-15,10:00,1.1,22.944,0.62,-9999.000,1.91,0.45,0.17,0.08,1359.167,0.28
SRS4,2005-12-08,10:35,1.3,30.379,0.29,-9999.000,3.50,0.79,0.14,0.05,1579.167,0.65
SRS4,2006-01-03,10:00,1.4,35.722,0.27,-9999.000,5.67,1.60,0.22,0.01,1645.833,1.38
SRS4,2006-02-02,10:20,3.2,28.580,0.98,-9999.000,4.74,3.60,0.27,0.01,1742.500,3.33
SRS4,2006-03-09,09:40,1.6,26.206,0.56,-9999.000,2.40,2.01,0.18,0.06,1477.500,1.83
SRS4,2006-04-11,10:15,9.4,21.624,1.62,-9999.000,7.34,1.04,0.19,0.14,1425.833,0.85
SRS4,2006-05-04,10:00,14.3,24.932,1.47,-9999.000,4.64,0.87,0.16,0.13,1307.500,0.71
SRS4,2006-06-06,10:20,11.3,25.718,0.83,-9999.000,2.57,2.75,0.20,0.18,1343.333,2.55
SRS4,2006-07-26,,0.6,30.387,0.59,-9999.000,3.76,1.42,0.25,0.05,1131.667,1.17
SRS4,2006-08-21,10:25,1.1,27.569,0.24,-9999.000,1.62,0.57,0.17,0.04,1069.167,0.40
SRS4,2006-09-14,10:45,0.3,34.116,0.41,-9999.000,0.98,0.80,0.64,0.05,1299.167,0.17
SRS4,2006-10-16,10:35,2.7,27.664,0.22,-9999.000,3.10,0.55,0.14,0.03,1010.000,0.41
SRS4,2006-11-20,10:30,2.2,29.956,0.45,-9999.000,4.22,1.01,0.11,0.00,1249.167,0.90
SRS4,2006-12-11,10:45,2.2,39.671,0.35,-9999.000,10.15,1.55,0.29,0.04,1473.333,1.26
SRS4,2007-01-17,11:45,2.8,43.690,0.37,-9999.000,-9999.00,3.40,0.31,0.04,1625.000,3.08
SRS4,2007-02-07,10:15,4.3,32.555,0.40,-9999.000,7.36,2.55,0.35,0.01,1390.000,2.20
SRS4,2007-03-27,09:52,10.7,34.088,0.51,-9999.000,7.47,1.12,0.20,0.07,1250.000,0.92
SRS4,2007-04-26,10:00,4.1,39.014,0.57,-9999.000,3.29,0.47,0.24,0.01,1347.500,0.23
SRS4,2007-05-22,10:10,15.2,44.442,0.37,-9999.000,3.38,2.25,0.14,0.07,1313.500,2.11
SRS4,2007-06-18,09:35,6.5,29.556,0.37,-9999.000,1.97,0.38,0.31,0.08,1370.000,0.07
SRS4,2007-07-10,10:35,1.9,32.209,1.72,-9999.000,1.81,0.75,0.28,0.05,1409.833,0.46
SRS4,2007-08-07,10:40,1.6,36.471,0.33,-9999.000,1.39,0.36,0.11,0.03,1026.667,0.25
SRS4,2007-09-10,10:15,1.6,29.132,0.17,-9999.000,0.78,0.38,0.14,0.03,1090.833,0.25
SRS4,2007-10-03,10:22,3.2,27.556,0.63,-9999.000,1.96,0.80,0.11,0.11,548.000,0.69
SRS4,2007-11-07,10:37,2.1,51.839,0.33,-9999.000,2.66,0.88,0.05,0.02,1136.667,0.82
SRS4,2007-12-03,09:40,3.8,55.173,0.30,-9999.000,5.33,0.79,0.16,0.07,1177.500,0.63
SRS4,2008-01-22,09:45,10.7,43.911,0.68,-9999.000,4.82,2.22,0.30,0.04,1217.083,1.92
SRS4,2008-02-18,09:50,14.6,39.821,0.71,-9999.000,3.88,1.69,0.23,0.16,1067.500,1.46
SRS4,2008-03-18,09:30,19.2,54.678,0.78,-9999.000,1.89,1.06,0.05,0.23,1037.500,1.01
SRS4,2008-04-17,09:45,8.9,40.363,0.50,-9999.000,3.84,0.75,0.12,0.21,1144.167,0.63
SRS4,2008-05-27,10:01,20.6,38.156,0.61,-9999.000,2.11,1.30,0.12,0.12,1226.667,1.18
SRS4,2008-06-12,09:40,14.8,35.687,0.59,-9999.000,2.10,1.51,0.09,0.30,1126.667,1.42
SRS4,2008-07-02,09:30,5.3,42.244,0.69,-9999.000,1.35,0.65,0.18,0.35,1490.000,0.46
SRS4,2008-08-04,09:20,1.6,40.996,0.64,-9999.000,1.56,0.32,0.17,0.04,1302.500,0.15
SRS4,2008-09-25,10:15,0.4,17.489,0.53,-9999.000,2.19,0.35,0.12,0.01,950.000,0.23
SRS4,2008-10-21,10:10,0.4,24.638,0.18,-9999.000,1.46,0.32,0.08,0.04,1048.333,0.24
SRS4,2008-11-17,09:20,0.7,26.729,0.17,-9999.000,2.12,0.10,0.10,0.10,1118.333,0.01
SRS4,2008-12-03,09:50,1.2,27.132,0.12,-9999.000,2.53,0.41,0.10,0.05,1140.000,0.31
SRS4,2009-01-07,09:25,1.2,36.318,0.23,-9999.000,6.31,0.59,0.11,0.04,1415.833,0.48
SRS4,2009-02-04,09:20,1.9,66.096,0.34,-9999.000,7.24,2.62,0.17,0.08,1523.750,2.45
SRS4,2009-03-04,09:50,7.4,87.392,0.34,-9999.000,4.81,2.88,0.18,0.07,1485.833,2.71
SRS4,2009-04-06,09:25,21.4,106.263,0.62,-9999.000,2.56,1.63,0.18,0.07,1194.167,1.44
SRS4,2009-05-06,09:30,21.8,51.613,0.53,-9999.000,4.35,1.39,0.07,0.06,1216.250,1.32
SRS4,2009-06-03,09:10,12.1,57.534,0.36,-9999.000,3.47,1.28,0.17,0.09,1359.583,1.11
SRS4,2009-07-02,09:45,0.8,63.479,0.28,-9999.000,1.11,0.39,0.15,0.04,1293.333,0.23
SRS4,2009-08-12,10:00,0.7,35.837,-9999.00,-9999.000,0.94,0.70,0.12,0.07,1044.167,0.58
SRS4,2009-09-02,10:00,1.0,36.196,0.34,-9999.000,0.98,0.29,0.12,0.05,1236.667,0.16
SRS4,2009-10-12,10:15,0.4,14.770,1.15,-9999.000,2.49,0.56,0.12,0.03,1381.667,0.44
SRS4,2009-11-02,10:05,0.7,-9999.000,0.34,-9999.000,0.96,0.38,0.14,0.10,1445.833,0.24
SRS4,2009-12-09,10:00,0.7,99.869,0.13,-9999.000,2.23,1.05,0.11,0.02,1600.000,0.94
SRS4,2010-01-11,10:45,2.2,101.226,0.18,-9999.000,11.68,2.36,0.16,0.07,1546.667,2.20
SRS4,2010-02-03,09:50,3.8,84.951,0.57,-9999.000,6.18,3.61,0.25,0.02,1524.167,3.36
SRS4,2010-03-03,09:30,4.9,93.192,0.31,-9999.000,2.93,3.09,0.17,0.07,1457.500,2.92
SRS4,2010-04-21,09:50,6.3,103.485,0.47,-9999.000,2.33,1.54,0.19,0.04,1452.500,1.35
SRS4,2010-05-24,11:00,10.5,92.199,0.65,-9999.000,2.48,0.59,0.16,0.09,1515.000,0.43
SRS4,2010-06-14,12:30,10.2,83.290,0.60,-9999.000,1.96,0.69,0.14,0.10,1638.333,0.55
SRS4,2010-07-19,10:40,1.1,47.931,0.31,-9999.000,2.15,0.55,0.16,0.02,1555.833,0.39
SRS4,2010-08-11,10:00,1.7,51.458,0.25,-9999.000,1.32,0.37,0.23,0.07,1383.333,0.14
SRS4,2010-09-09,09:45,1.6,51.520,0.28,-9999.000,0.99,0.31,0.24,0.06,1194.167,0.07
SRS4,2010-10-06,09:30,0.5,66.259,0.21,-9999.000,0.87,0.14,0.09,0.06,1065.000,0.05
SRS4,2010-11-22,11:50,2.1,38.809,0.19,-9999.000,0.77,0.66,0.07,0.06,1157.500,0.59
SRS4,2010-12-13,10:15,1.5,50.634,0.22,-9999.000,3.68,2.25,0.12,0.06,1242.500,2.13
SRS4,2011-01-11,10:50,3.6,51.914,0.43,-9999.000,3.74,2.92,0.25,0.05,1005.833,2.67
SRS4,2011-02-08,12:00,3.6,74.307,0.35,-9999.000,3.13,2.15,0.29,0.10,1436.667,1.85
SRS4,2011-03-07,10:00,9.2,63.639,0.34,-9999.000,8.36,1.88,0.18,0.05,1177.500,1.70
SRS4,2011-04-13,09:50,19.5,59.656,0.45,-9999.000,9.66,0.65,0.08,0.23,1005.833,0.57
SRS4,2011-05-04,09:35,19.2,38.252,0.33,-9999.000,3.37,1.51,0.20,0.14,1204.167,1.31
SRS4,2011-06-01,10:25,18.9,62.020,0.36,-9999.000,1.63,0.81,0.11,0.03,1372.500,0.70
SRS4,2011-07-06,10:10,17.0,56.925,0.39,-9999.000,6.39,2.11,0.26,0.08,1395.000,1.85
SRS4,2011-08-04,10:20,4.5,84.117,0.30,-9999.000,2.80,0.50,0.15,0.04,1587.500,0.35
SRS4,2011-09-01,10:00,5.9,60.510,0.26,-9999.000,2.93,0.57,0.17,0.05,1460.000,0.40
SRS4,2011-10-06,10:00,0.9,54.371,0.22,-9999.000,1.86,0.69,0.15,0.14,1208.333,0.54
SRS4,2011-11-01,10:20,0.9,33.766,0.31,-9999.000,1.86,0.58,0.12,0.31,995.833,0.46
SRS4,2011-12-01,11:10,1.1,47.173,0.27,-9999.000,1.19,0.42,0.10,0.04,985.833,0.32
SRS4,2012-01-05,9:45,2.0,63.945,0.28,-9999.000,4.02,0.98,0.09,-9999.00,1386.667,0.89
SRS4,2012-02-15,10:00,4.7,71.437,0.36,-9999.000,3.75,1.35,0.17,0.06,1514.167,1.18
SRS4,2012-03-06,9:05,5.4,72.124,-9999.00,-9999.000,5.11,1.64,0.22,0.21,1625.833,1.42
SRS4,2012-04-10,9:45,22.5,52.037,0.48,-9999.000,3.02,0.97,0.13,0.05,1156.667,0.84
SRS4,2012-05-08,10:15,10.1,106.981,0.44,-9999.000,2.36,0.22,0.11,0.02,1417.500,0.11
SRS4,2012-06-25,10:50,5.0,51.589,0.54,-9999.000,2.33,1.67,0.23,0.11,1296.667,1.44
SRS4,2012-07-10,10:00,0.8,56.034,0.29,-9999.000,1.36,1.42,0.28,0.01,304.083,1.14
SRS4,2012-08-08,9:45,0.5,51.142,0.27,-9999.000,1.43,0.32,0.06,0.06,1012.500,0.26
SRS4,2012-09-10,9:50,0.3,39.849,0.26,-9999.000,5.05,0.42,0.17,0.02,1010.833,0.25
SRS4,2012-10-17,11:15,0.8,26.258,0.36,-9999.000,2.06,1.10,0.13,0.03,985.833,0.97
SRS4,2012-11-13,9:45,0.1,45.847,0.32,-9999.000,2.08,0.43,0.09,0.04,1145.000,0.34
SRS4,2012-12-18,9:30,0.8,46.626,0.38,-9999.000,3.47,1.50,0.12,0.02,1365.000,1.38
SRS4,2013-01-15,9:40,1.6,49.226,0.46,-9999.000,3.53,1.64,0.17,0.02,1297.500,1.47
SRS4,2013-02-05,10:30,2.1,73.804,0.45,-9999.000,5.32,2.49,0.19,0.01,1434.167,2.30
SRS4,2013-03-07,10:00,4.0,66.588,0.40,-9999.000,5.31,2.30,0.18,0.03,1514.167,2.12
SRS4,2013-04-02,10:00,8.6,54.558,1.09,-9999.000,3.26,0.51,0.11,0.04,1452.500,0.41
SRS4,2013-05-01,9:30,11.8,38.582,0.44,-9999.000,1.89,0.94,0.13,0.07,1492.500,0.81
SRS4,2013-06-04,9:25,0.9,44.820,0.50,-9999.000,0.51,0.15,0.08,0.03,1047.500,0.07
SRS4,2013-07-01,10:15,0.8,42.158,0.38,-9999.000,2.16,0.32,0.18,0.05,1001.667,0.14
SRS4,2013-08-14,9:50,0.7,55.022,0.35,-9999.000,2.63,0.47,0.09,0.00,1138.333,0.38
SRS4,2013-09-05,10:40,0.6,46.898,0.38,-9999.000,1.04,0.14,0.13,0.02,1181.667,0.01
SRS4,2013-10-28,9:50,0.7,51.944,0.45,-9999.000,1.67,0.37,0.09,0.01,1265.000,0.28
SRS4,2013-11-12,9:20,0.8,43.108,0.29,-9999.000,1.95,0.82,0.11,0.06,1210.417,0.71
SRS4,2013-12-03,10:00,1.0,47.981,0.38,-9999.000,1.40,0.81,0.07,0.03,1172.500,0.74
SRS4,2014-01-22,10:25,1.3,55.681,0.26,-9999.000,4.34,2.59,0.13,0.09,1502.500,2.46
SRS4,2014-02-11,10:15,1.8,56.579,0.38,-9999.000,1.88,2.40,0.25,0.03,499.667,2.15
SRS4,2014-03-19,10:00,4.3,47.430,1.52,-9999.000,2.08,0.53,0.14,0.06,1464.167,0.39
SRS4,2014-04-09,11:00,9.3,43.190,0.66,-9999.000,1.76,0.74,0.17,0.06,1511.667,0.57
SRS4,2014-05-01,10:15,19.8,32.819,0.61,-9999.000,0.98,1.02,0.19,0.06,1159.167,0.83
SRS4,2014-06-04,10:15,12.9,41.564,1.45,-9999.000,2.20,1.04,0.18,0.13,1250.833,0.86
SRS4,2014-07-10,10:15,1.2,47.073,0.40,-9999.000,3.17,0.78,0.21,0.13,1292.500,0.57
SRS4,2014-08-13,10:00,0.8,43.654,0.41,-9999.000,5.87,0.22,0.12,0.04,1105.000,0.10
SRS4,2014-09-09,10:07,0.6,28.039,0.34,-9999.000,0.62,0.30,0.13,0.04,1019.167,0.16
SRS4,2014-10-07,10:20,0.3,42.043,0.29,-9999.000,1.14,0.14,0.09,0.03,991.667,0.05
SRS4,2014-11-04,10:00,1.2,49.605,0.21,-9999.000,2.11,0.43,0.13,0.04,1285.000,0.30
SRS4,2014-12-02,10:00,2.5,60.868,0.21,-9999.000,1.93,0.82,0.13,0.08,1406.667,0.68
SRS4,2015-01-08,10:00,2.8,46.674,0.32,-9999.000,2.86,1.15,0.20,0.01,1469.167,0.95
SRS4,2015-02-09,10:30,5.7,52.980,0.47,-9999.000,2.21,1.25,0.20,0.04,1495.833,1.04
SRS4,2015-03-16,10:05,8.0,59.547,0.58,-9999.000,1.86,0.48,0.18,0.09,1595.833,0.30
SRS4,2015-04-06,10:10,13.7,47.261,0.80,-9999.000,4.29,0.56,0.16,0.01,1412.917,0.39
SRS4,2015-05-04,10:00,16.2,41.571,0.51,-9999.000,3.15,0.70,0.19,0.14,1284.167,0.52
SRS4,2015-06-02,10:30,14.9,32.169,1.22,-9999.000,1.65,0.05,0.05,0.05,1352.500,0.41
SRS4,2015-07-01,9:50,8.2,43.391,0.56,-9999.000,8.37,0.35,0.13,0.04,1384.167,0.23
SRS4,2015-08-12,10:20,8.2,33.956,0.51,-9999.000,1.44,0.61,0.16,0.01,1468.750,0.45
SRS4,2015-09-15,9:40,2.0,49.022,0.47,-9999.000,2.55,0.47,0.15,0.11,1190.000,0.33
SRS4,2015-10-01,10:20,10.5,33.293,0.52,-9999.000,4.77,0.45,0.12,0.09,1067.500,0.32
SRS4,2015-11-10,9:50,5.5,57.904,0.60,-9999.000,3.20,0.56,0.22,0.74,1345.000,0.34
SRS4,2015-12-01,9:35,2.8,50.156,0.46,-9999.000,1.50,0.16,0.04,0.05,1350.833,0.12
SRS4,2016-01-05,9:50,1.1,52.636,0.44,-9999.000,2.56,3.51,0.12,0.08,1247.500,3.39
SRS4,2016-02-11,9:50,0.5,47.175,0.30,-9999.000,1.00,0.65,0.06,0.04,974.167,0.59
SRS4,2016-03-08,10:20,1.3,53.005,0.47,-9999.000,7.89,1.59,0.12,0.56,1265.000,1.47
SRS4,2016-04-12,9:30,2.3,53.906,0.41,-9999.000,1.84,0.54,0.12,0.16,1480.000,0.42
SRS4,2016-05-09,9:30,12.4,55.995,0.56,-9999.000,4.44,0.65,0.35,0.75,1439.167,0.30
SRS4,2016-06-08,9:30,3.6,54.182,1.04,-9999.000,1.66,0.33,0.14,0.23,1580.000,0.19
SRS4,2016-07-13,9:15,1.0,51.346,0.33,-9999.000,1.56,0.32,0.12,0.07,1298.333,0.20
SRS4,2016-08-02,9:30,1.7,51.558,0.38,-9999.000,0.69,0.21,0.09,0.10,1371.667,0.12
SRS4,2016-09-01,9:30,4.4,51.226,0.31,-9999.000,1.13,0.38,0.17,0.26,1266.667,0.21
SRS4,2016-10-13,9:30,0.5,44.931,0.25,-9999.000,1.30,0.38,0.09,0.05,1016.667,0.29
SRS4,2016-11-09,9:40,0.5,52.946,0.28,-9999.000,1.54,1.12,0.09,0.05,1052.500,1.02
SRS4,2016-12-05,9:30,1.1,54.345,0.36,-9999.000,2.76,1.39,0.11,0.06,1362.500,1.27
SRS5,2001-05-23,12:30,31.2,23.162,0.65,803.750,1.95,0.97,0.27,0.02,783.500,0.70
SRS5,2001-06-26,13:30,20.7,36.088,0.52,1197.500,1.21,1.89,0.43,0.04,1233.333,1.46
SRS5,2001-07-25,12:30,7.9,60.121,0.32,1445.000,0.97,2.02,0.40,0.01,1434.167,1.62
SRS5,2001-09-10,12:00,4.3,46.618,0.12,1306.667,2.11,2.24,0.22,0.10,1325.833,2.02
SRS5,2001-10-06,10:30,2.7,28.508,0.33,979.167,1.10,1.04,0.15,0.08,986.667,0.89
SRS5,2001-10-31,12:00,9.0,53.486,0.18,1150.000,3.71,1.40,0.09,0.00,1191.667,1.31
SRS5,2001-11-28,12:00,1.8,35.721,0.18,1140.833,1.46,0.98,0.14,0.00,1135.000,0.84
SRS5,2001-12-17,12:00,1.5,34.628,0.13,1158.333,1.70,1.17,0.13,0.00,1108.333,1.03
SRS5,2002-01-24,13:00,6.8,26.133,-9999.00,1104.583,2.53,2.07,0.23,-9999.00,1107.500,1.84
SRS5,2002-02-26,14:00,18.7,17.533,0.32,905.000,0.89,0.88,0.18,0.11,923.333,0.70
SRS5,2002-04-02,12:00,20.6,19.763,0.41,1030.000,1.40,0.75,0.20,0.11,1046.667,0.55
SRS5,2002-05-13,12:00,29.4,52.822,0.91,824.250,2.01,0.90,0.25,0.14,826.417,0.65
SRS5,2002-06-27,10:30,0.9,20.122,0.40,1144.167,1.37,2.29,0.17,0.05,1081.667,2.12
SRS5,2002-07-25,11:30,1.1,64.085,0.17,1179.167,1.01,2.53,0.19,0.05,1169.167,2.33
SRS5,2002-08-19,11:00,3.0,41.053,0.13,1170.000,2.12,2.12,0.24,0.06,1327.500,1.88
SRS5,2002-09-26,11:30,5.2,37.568,0.19,1127.500,1.57,1.19,0.19,0.10,1148.333,1.00
SRS5,2002-10-21,11:40,3.6,28.809,0.32,1363.333,1.69,1.11,0.16,0.05,1190.000,0.95
SRS5,2002-11-21,11:00,2.9,45.660,0.14,1286.667,0.56,1.49,0.15,0.04,1175.833,1.34
SRS5,2002-12-17,10:50,1.6,39.735,0.21,1454.167,2.69,3.74,0.19,0.05,1216.667,3.56
SRS5,2003-01-23,11:30,14.1,27.910,0.29,-9999.000,0.92,1.61,0.24,-9999.00,-9999.000,1.37
SRS5,2003-02-18,11:00,16.4,33.838,0.33,589.500,1.07,0.84,0.11,-9999.00,643.333,0.73
SRS5,2003-03-27,11:00,22.5,22.865,0.38,1130.000,3.16,2.63,0.31,0.08,980.000,2.32
SRS5,2003-04-22,10:45,24.5,26.643,0.41,870.833,1.46,1.72,0.21,0.10,860.000,1.51
SRS5,2003-05-15,11:15,20.0,39.723,0.47,996.667,1.90,2.68,0.30,0.06,1009.167,2.38
SRS5,2003-06-19,11:30,6.5,35.277,0.34,1045.000,1.13,2.05,0.37,0.06,1000.417,1.68
SRS5,2003-07-30,11:30,4.2,32.440,0.33,1115.833,1.13,1.31,0.20,0.04,1087.500,1.11
SRS5,2003-08-11,12:30,2.1,42.247,0.19,1262.500,1.04,1.16,0.20,0.05,1039.167,0.97
SRS5,2003-09-11,11:30,0.9,30.419,0.20,916.667,1.20,0.56,0.12,0.02,1006.667,0.44
SRS5,2003-10-07,11:00,0.5,29.603,0.19,907.500,0.83,0.61,0.14,0.03,945.833,0.47
SRS5,2003-11-06,10:20,1.5,24.706,0.37,1068.333,1.00,1.13,0.16,0.03,1151.667,0.97
SRS5,2003-12-04,10:50,3.9,25.212,0.19,1113.333,1.92,1.81,0.15,-9999.00,1242.500,1.66
SRS5,2004-01-12,11:20,2.8,37.228,0.19,1407.500,3.65,3.65,0.22,0.01,1403.333,3.43
SRS5,2004-02-09,12:00,1.8,37.428,0.14,1387.500,2.81,5.02,0.46,0.03,1369.167,4.56
SRS5,2004-03-16,13:45,22.3,32.234,0.24,778.333,1.74,6.88,0.20,0.02,867.500,6.67
SRS5,2004-04-06,12:45,26.9,27.847,0.28,680.833,0.53,2.57,0.14,0.01,-9999.000,2.43
SRS5,2004-05-03,11:40,26.0,27.257,0.37,719.583,0.45,1.99,0.28,0.11,-9999.000,1.72
SRS5,2004-06-02,10:15,31.6,28.065,0.52,715.750,0.48,1.02,0.13,0.01,796.250,0.89
SRS5,2004-07-20,11:45,14.5,31.429,0.33,1024.583,2.71,2.65,0.38,0.07,1143.333,2.26
SRS5,2004-08-16,11:10,1.4,52.462,0.30,1195.833,1.47,2.62,0.22,0.10,1158.333,2.39
SRS5,2004-09-01,10:35,1.4,42.292,0.25,997.500,1.84,2.38,0.21,0.03,1056.667,2.17
SRS5,2004-10-13,11:00,12.0,24.054,0.36,925.833,2.97,3.88,0.26,0.09,1052.500,3.62
SRS5,2004-11-16,13:30,2.3,25.532,0.19,1104.167,1.27,1.61,0.28,0.03,1221.667,1.33
SRS5,2004-12-02,11:00,1.6,27.075,-9999.00,1242.500,3.44,4.63,0.39,-9999.00,-9999.000,4.24
SRS5,2005-01-06,12:10,17.7,32.505,0.23,959.167,1.93,3.72,0.43,0.04,1010.000,3.30
SRS5,2005-02-21,11:20,12.8,32.571,0.46,1481.667,4.84,2.35,0.69,0.05,1439.167,1.66
SRS5,2005-03-09,11:00,18.1,40.560,0.34,2422.500,0.99,2.56,0.27,0.08,1680.000,2.29
SRS5,2005-04-19,11:00,22.6,41.516,0.70,1102.500,1.05,2.15,0.40,0.08,1122.500,1.74
SRS5,2005-05-18,10:30,24.3,31.987,0.43,896.667,0.41,3.36,0.55,0.06,929.167,2.82
SRS5,2005-06-29,10:50,6.4,27.520,0.69,1101.667,4.07,1.83,0.33,-9999.00,1116.667,1.50
SRS5,2005-07-21,11:00,2.9,32.836,0.40,1377.083,2.87,1.50,0.29,0.07,845.000,1.20
SRS5,2005-09-13,11:40,10.9,25.574,0.53,-9999.000,6.21,1.97,0.33,0.07,815.500,1.65
SRS5,2005-10-11,10:15,0.8,30.768,0.25,-9999.000,1.47,1.29,0.18,0.08,1075.833,1.11
SRS5,2005-11-15,11:30,1.5,33.215,0.59,-9999.000,1.86,0.72,0.23,0.08,1290.000,0.50
SRS5,2005-12-08,11:45,4.5,26.736,0.45,-9999.000,4.89,1.42,0.16,0.06,1509.167,1.26
SRS5,2006-01-03,11:00,7.2,26.224,0.54,-9999.000,4.27,2.11,0.28,0.02,1525.833,1.83
SRS5,2006-02-02,11:15,15.5,31.179,0.60,-9999.000,2.01,6.11,0.16,0.09,1320.833,5.95
SRS5,2006-03-09,10:15,7.1,25.820,0.56,-9999.000,2.13,2.92,0.25,0.07,1382.500,2.67
SRS5,2006-04-11,10:45,12.2,24.492,0.97,-9999.000,9.17,2.43,0.15,0.09,1365.833,2.28
SRS5,2006-05-04,10:45,30.0,22.933,1.32,-9999.000,4.64,0.87,0.16,0.13,1307.500,0.71
SRS5,2006-06-06,11:20,24.4,22.266,0.75,-9999.000,1.57,2.31,0.46,-9999.00,1343.750,1.85
SRS5,2006-07-26,,1.1,32.466,0.40,-9999.000,2.48,1.13,0.31,0.05,1095.833,0.82
SRS5,2006-08-21,12:00,5.6,34.397,0.40,-9999.000,1.44,3.55,0.34,0.05,1125.833,3.21
SRS5,2006-09-14,11:55,6.9,38.111,0.98,-9999.000,1.31,1.34,0.12,0.05,1221.667,1.23
SRS5,2006-10-16,11:20,10.6,28.487,0.50,-9999.000,2.34,1.20,0.27,0.08,966.667,0.93
SRS5,2006-11-20,11:20,3.7,30.760,0.45,-9999.000,2.62,1.25,0.13,0.02,1235.833,1.12
SRS5,2006-12-11,10:45,12.4,28.836,0.42,-9999.000,2.86,1.80,0.20,0.13,1162.500,1.61
SRS5,2007-01-17,13:00,15.8,28.783,0.72,-9999.000,3.37,4.67,0.28,0.06,1201.667,4.39
SRS5,2007-02-07,10:52,10.5,28.220,-9999.00,-9999.000,3.32,2.88,0.59,0.07,1226.667,2.29
SRS5,2007-03-27,10:28,17.8,31.642,0.82,-9999.000,2.14,2.28,0.23,0.01,1080.833,2.05
SRS5,2007-04-26,10:35,15.6,19.435,0.38,-9999.000,7.25,1.82,0.37,0.15,1107.500,1.45
SRS5,2007-05-22,10:55,21.0,38.349,-9999.00,-9999.000,2.96,2.29,0.28,0.06,1212.000,2.01
SRS5,2007-06-18,10:45,11.9,29.249,0.41,-9999.000,2.63,1.88,0.49,0.12,1278.333,1.39
SRS5,2007-07-10,11:45,16.4,34.239,0.74,-9999.000,1.89,5.37,0.53,-9999.00,1172.167,4.85
SRS5,2007-08-07,11:35,20.5,79.916,0.81,-9999.000,2.04,3.86,0.43,0.18,849.167,3.43
SRS5,2007-09-10,11:13,11.8,31.008,0.57,-9999.000,2.42,2.47,0.37,0.11,1087.500,2.10
SRS5,2007-10-03,11:12,19.6,39.077,0.83,-9999.000,1.66,1.92,0.23,0.12,496.583,1.69
SRS5,2007-11-07,10:37,17.4,38.868,0.59,-9999.000,0.99,0.25,0.06,0.06,911.667,0.19
SRS5,2007-12-03,10:20,15.3,44.532,0.50,-9999.000,2.69,3.03,0.18,0.31,1025.000,2.84
SRS5,2008-01-22,10:26,15.1,50.309,0.63,-9999.000,1.65,3.81,0.18,0.38,1142.500,3.62
SRS5,2008-02-18,10:25,22.9,33.441,0.66,-9999.000,2.26,2.80,0.21,0.29,970.000,2.59
SRS5,2008-03-18,11:00,22.4,53.872,0.87,-9999.000,1.62,0.82,0.07,0.28,1047.500,0.75
SRS5,2008-04-17,10:45,11.7,43.418,0.39,-9999.000,1.81,1.89,0.19,0.21,2546.500,1.70
SRS5,2008-05-27,10:53,30.2,32.079,0.68,-9999.000,2.57,2.14,0.39,0.24,1025.000,1.74
SRS5,2008-06-12,10:40,28.3,30.623,0.75,-9999.000,1.94,1.82,0.48,0.29,885.000,1.34
SRS5,2008-07-02,10:20,10.5,40.512,1.78,-9999.000,2.32,3.92,0.45,0.09,1285.833,3.47
SRS5,2008-08-04,10:00,13.0,35.670,0.36,-9999.000,2.55,1.79,0.31,0.10,1198.333,1.48
SRS5,2008-09-25,11:00,1.6,24.271,0.92,-9999.000,1.85,1.85,0.19,0.09,928.333,1.66
SRS5,2008-10-21,11:00,6.4,17.430,0.62,-9999.000,1.33,0.78,0.18,0.11,979.167,0.61
SRS5,2008-11-17,10:00,2.2,23.602,0.24,-9999.000,1.25,0.46,0.14,0.09,1075.833,0.32
SRS5,2008-12-03,10:17,2.0,66.273,0.85,-9999.000,1.45,0.76,0.14,0.08,1144.167,0.62
SRS5,2009-01-07,09:50,5.7,28.651,0.37,-9999.000,3.84,1.22,0.17,0.08,1315.833,1.05
SRS5,2009-02-04,09:55,13.2,137.364,0.35,-9999.000,6.87,2.00,0.16,0.35,1193.750,1.83
SRS5,2009-03-04,10:35,18.5,55.425,0.50,-9999.000,2.87,1.85,0.13,0.12,1118.333,1.72
SRS5,2009-04-06,10:30,28.9,77.590,0.71,-9999.000,1.74,1.02,0.26,0.10,875.000,0.76
SRS5,2009-05-06,10:15,33.4,41.650,0.47,-9999.000,0.87,0.32,0.11,0.02,778.417,0.20
SRS5,2009-06-03,09:50,17.7,18.634,0.38,-9999.000,3.01,2.80,0.48,0.04,1327.500,2.32
SRS5,2009-07-02,10:30,2.5,67.557,0.45,-9999.000,1.53,1.55,0.27,0.08,1293.333,1.29
SRS5,2009-08-12,10:45,14.1,34.253,2.69,-9999.000,2.85,2.31,0.30,0.09,951.667,2.00
SRS5,2009-09-02,11:30,2.2,41.280,0.42,-9999.000,1.33,1.89,0.24,0.06,1246.667,1.65
SRS5,2009-10-12,11:30,7.8,10.918,0.62,-9999.000,2.76,2.80,0.31,0.09,1276.667,2.49
SRS5,2009-11-02,11:20,7.5,63.734,0.54,-9999.000,2.67,1.24,0.25,0.12,1245.000,0.99
SRS5,2009-12-09,11:00,13.1,107.498,0.91,-9999.000,2.68,2.14,0.23,0.07,1185.000,1.91
SRS5,2010-01-11,11:30,5.5,85.242,0.26,-9999.000,7.59,2.72,0.14,0.09,1471.667,2.58
SRS5,2010-02-03,10:40,14.4,59.368,0.69,-9999.000,3.47,2.22,0.17,0.14,1216.667,2.05
SRS5,2010-03-03,10:00,24.0,60.234,0.45,-9999.000,3.93,1.00,0.09,0.14,762.667,0.92
SRS5,2010-04-21,10:50,24.1,65.790,0.63,-9999.000,1.50,3.32,0.32,0.18,764.750,3.00
SRS5,2010-05-24,13:50,30.5,43.151,0.68,-9999.000,2.14,4.57,0.53,0.24,648.583,4.04
SRS5,2010-06-14,10:13,23.3,54.973,0.51,-9999.000,0.68,2.98,0.51,0.07,1039.167,2.47
SRS5,2010-07-19,11:50,16.3,41.525,0.71,-9999.000,2.22,4.25,0.43,0.09,1165.000,3.82
SRS5,2010-08-11,11:45,12.3,48.457,0.31,-9999.000,2.45,1.54,0.39,0.10,916.667,1.15
SRS5,2010-09-09,11:15,11.3,52.492,0.36,-9999.000,2.87,1.34,0.34,0.13,1140.000,1.00
SRS5,2010-10-06,10:30,0.8,61.985,0.24,-9999.000,1.44,1.03,0.54,0.06,1037.500,0.49
SRS5,2010-11-22,10:50,4.3,49.102,0.28,-9999.000,1.35,1.07,0.12,0.07,1175.000,0.95
SRS5,2010-12-13,11:15,21.6,34.944,0.41,-9999.000,2.67,1.51,0.09,0.10,780.917,1.42
SRS5,2011-01-11,12:00,9.0,44.996,0.60,-9999.000,2.67,3.55,0.23,0.12,980.833,3.32
SRS5,2011-02-08,11:00,10.9,59.729,0.51,-9999.000,1.81,3.62,0.28,0.02,1218.333,3.34
SRS5,2011-03-07,10:40,23.1,42.541,0.91,-9999.000,0.82,2.26,0.22,0.05,727.917,2.04
SRS5,2011-04-13,11:40,31.7,42.631,0.38,-9999.000,2.61,3.01,0.43,0.16,514.833,2.59
SRS5,2011-05-04,10:40,28.7,47.095,0.56,-9999.000,1.73,4.02,0.64,0.22,823.917,3.38
SRS5,2011-06-01,11:05,25.2,67.654,0.40,-9999.000,1.49,4.17,0.69,0.01,1247.500,3.48
SRS5,2011-07-06,11:10,30.7,44.435,0.56,-9999.000,3.03,5.15,0.67,0.21,897.500,4.48
SRS5,2011-08-04,11:25,25.5,57.924,0.51,-9999.000,1.62,1.10,0.12,0.23,1006.667,0.98
SRS5,2011-09-01,10:45,14.4,52.508,0.47,-9999.000,4.77,1.29,0.31,0.08,1324.167,0.98
SRS5,2011-10-06,12:00,10.1,60.710,0.51,-9999.000,2.62,2.87,0.34,0.16,1221.667,2.52
SRS5,2011-11-01,11:45,1.9,44.387,0.39,-9999.000,1.41,1.75,0.17,0.16,1046.667,1.58
SRS5,2011-12-01,12:41,2.8,50.331,0.40,-9999.000,1.11,1.85,0.15,0.05,1053.333,1.71
SRS5,2012-01-05,11:00,4.9,65.640,0.41,-9999.000,2.29,1.41,0.16,-9999.00,1387.500,1.25
SRS5,2012-02-15,11:30,14.9,64.423,0.54,-9999.000,4.16,1.67,0.12,0.14,1163.333,1.54
SRS5,2012-03-06,9:50,8.0,65.398,0.26,-9999.000,4.68,2.39,0.26,0.15,1607.500,2.14
SRS5,2012-04-10,10:45,30.1,33.391,0.48,-9999.000,1.43,0.92,0.21,0.08,832.500,0.71
SRS5,2012-05-08,11:00,28.3,37.559,0.48,-9999.000,1.13,1.38,0.25,0.37,890.000,1.13
SRS5,2012-06-25,11:40,21.0,40.128,0.55,-9999.000,2.07,2.22,0.23,0.04,939.167,1.99
SRS5,2012-07-10,11:05,5.3,60.314,0.46,-9999.000,1.22,2.50,0.58,0.04,1220.000,1.92
SRS5,2012-08-08,11:05,5.3,49.575,0.48,-9999.000,1.67,1.67,0.10,0.10,990.833,1.57
SRS5,2012-09-10,10:40,8.4,47.961,0.52,-9999.000,1.72,3.50,0.44,0.05,968.333,3.07
SRS5,2012-10-17,12:00,13.4,33.632,1.31,-9999.000,21.05,1.59,0.18,0.58,795.500,1.41
SRS5,2012-11-13,11:00,0.2,50.039,0.56,-9999.000,3.32,0.83,0.12,0.05,1165.833,0.71
SRS5,2012-12-18,11:00,13.6,35.902,0.61,-9999.000,10.20,2.28,0.19,0.12,1081.667,2.09
SRS5,2013-01-15,10:30,11.2,38.727,0.81,-9999.000,3.67,1.14,0.15,0.02,1095.000,0.99
SRS5,2013-02-05,11:30,18.7,36.100,0.46,-9999.000,5.79,1.40,0.15,0.02,960.000,1.25
SRS5,2013-03-07,10:45,14.1,50.173,0.45,-9999.000,2.18,1.56,0.16,0.03,1228.333,1.40
SRS5,2013-04-02,10:30,28.3,30.096,0.49,-9999.000,3.66,0.65,0.10,0.08,774.083,0.55
SRS5,2013-05-01,10:10,29.5,23.340,0.56,-9999.000,0.50,0.91,0.16,0.06,727.000,0.75
SRS5,2013-06-04,10:00,2.0,46.779,0.37,-9999.000,0.94,0.39,0.09,0.04,1102.083,0.31
SRS5,2013-07-01,10:50,20.5,33.647,1.53,-9999.000,1.71,3.13,0.34,0.04,799.250,2.79
SRS5,2013-08-14,10:40,13.2,34.780,0.54,-9999.000,2.14,1.68,0.29,0.10,879.167,1.39
SRS5,2013-09-05,10:00,1.8,50.204,0.37,-9999.000,1.66,0.79,0.22,0.04,1190.833,0.57
SRS5,2013-10-28,10:30,6.4,47.444,0.58,-9999.000,1.51,1.60,0.18,0.09,1185.833,1.42
SRS5,2013-11-12,10:30,12.7,42.350,0.41,-9999.000,1.17,1.43,0.27,0.13,968.333,1.17
SRS5,2013-12-03,10:50,11.2,39.468,0.37,-9999.000,1.31,0.85,0.11,0.08,1011.667,0.74
SRS5,2014-01-22,11:30,11.0,39.106,0.32,-9999.000,1.62,1.22,0.14,0.10,1273.333,1.07
SRS5,2014-02-11,11:20,9.8,45.967,0.39,-9999.000,1.50,2.81,0.27,0.02,1033.333,2.54
SRS5,2014-03-19,10:50,18.7,30.181,0.63,-9999.000,2.07,1.36,0.17,-9999.00,41.667,1.18
SRS5,2014-04-09,11:40,27.1,17.067,0.78,-9999.000,1.36,2.98,0.37,0.17,798.667,2.60
SRS5,2014-05-01,11:00,28.7,26.919,0.75,-9999.000,1.78,1.12,0.21,0.02,832.667,0.91
SRS5,2014-06-04,11:00,21.6,37.177,0.84,-9999.000,2.49,2.66,0.40,0.04,1109.167,2.26
SRS5,2014-07-10,10:55,7.5,38.920,0.61,-9999.000,2.88,2.67,0.33,0.16,1243.333,2.34
SRS5,2014-08-13,11:00,15.6,34.776,0.61,-9999.000,0.92,1.92,0.22,0.15,935.833,1.70
SRS5,2014-09-09,10:50,6.4,37.331,0.81,-9999.000,1.89,2.32,0.24,0.08,1020.833,2.08
SRS5,2014-10-07,10:50,4.9,42.161,0.31,-9999.000,1.90,1.04,0.18,0.10,1016.667,0.86
SRS5,2014-11-04,10:45,5.1,43.894,0.36,-9999.000,1.24,0.70,0.08,0.00,1237.917,0.62
SRS5,2014-12-02,10:30,18.3,42.598,0.32,-9999.000,1.01,1.59,0.14,0.20,965.000,1.46
SRS5,2015-01-08,10:40,5.1,45.087,0.45,-9999.000,1.43,1.44,0.22,0.01,1470.000,1.22
SRS5,2015-02-09,11:40,17.7,41.190,0.50,-9999.000,1.81,1.84,0.06,0.03,1153.333,1.78
SRS5,2015-03-16,10:40,20.2,40.508,0.62,-9999.000,2.47,3.14,0.29,0.12,1087.083,2.85
SRS5,2015-04-06,10:35,27.0,33.438,0.72,-9999.000,3.54,1.72,0.21,0.07,619.750,1.51
SRS5,2015-05-04,10:34,16.8,36.284,0.48,-9999.000,1.88,1.64,0.34,0.10,1296.667,1.30
SRS5,2015-06-02,10:50,24.3,24.738,0.77,-9999.000,1.14,2.53,0.43,0.05,1069.167,2.10
SRS5,2015-07-01,10:30,14.7,32.698,0.59,-9999.000,3.30,2.68,0.33,0.10,1280.833,2.35
SRS5,2015-08-12,11:15,24.0,24.256,0.61,-9999.000,1.39,2.41,0.42,0.10,1071.667,1.99
SRS5,2015-09-15,10:10,6.6,44.006,0.59,-9999.000,2.19,1.75,0.22,0.30,1192.500,1.53
SRS5,2015-10-01,11:15,27.5,27.247,0.57,-9999.000,1.17,0.95,0.34,0.46,579.833,0.62
SRS5,2015-11-10,10:25,15.4,51.400,0.63,-9999.000,4.85,4.47,0.85,1.96,1229.167,3.63
SRS5,2015-12-01,10:35,22.0,37.358,0.58,-9999.000,2.51,2.46,0.49,0.81,1012.500,1.96
SRS5,2016-01-05,10:30,2.9,57.171,0.47,-9999.000,2.57,1.76,0.14,0.05,1336.667,1.62
SRS5,2016-02-11,11:10,2.0,41.915,0.35,-9999.000,1.14,0.72,0.10,0.03,1005.000,0.62
SRS5,2016-03-08,11:05,2.5,49.156,0.53,-9999.000,1.35,0.58,0.10,0.17,840.000,0.48
SRS5,2016-04-12,10:20,10.3,48.911,0.57,-9999.000,3.15,1.25,0.37,0.69,1295.833,0.88
SRS5,2016-05-09,10:30,21.8,42.444,0.59,-9999.000,2.98,1.23,0.60,1.54,1088.333,0.63
SRS5,2016-06-08,10:00,23.0,36.030,0.84,-9999.000,2.02,2.02,0.55,0.88,900.000,1.47
SRS5,2016-07-13,10:00,11.2,42.576,0.51,-9999.000,3.61,1.50,0.48,0.67,1140.833,1.02
SRS5,2016-08-02,10:30,5.0,47.956,0.39,-9999.000,1.40,1.28,0.24,0.26,1407.500,1.05
SRS5,2016-09-01,10:15,14.6,37.415,0.40,-9999.000,4.10,1.35,0.51,0.98,1036.667,0.84
SRS5,2016-10-13,10:20,4.4,42.334,0.36,-9999.000,1.25,1.53,0.22,0.26,1027.500,1.31
SRS5,2016-11-09,10:20,14.5,40.924,0.55,-9999.000,3.71,3.61,0.58,0.97,860.000,3.02
SRS5,2016-12-05,10:00,8.9,42.569,0.41,-9999.000,1.73,1.19,0.31,0.50,1165.833,0.89
SRS6,2001-05-23,13:00,33.9,17.995,0.61,664.250,1.76,0.84,0.23,0.04,610.750,0.61
SRS6,2001-06-26,11:30,31.2,39.817,0.47,1412.500,1.96,0.93,0.18,0.06,1339.167,0.75
SRS6,2001-07-25,13:00,20.6,43.978,0.65,1076.667,1.91,2.97,0.54,0.03,1074.167,2.43
SRS6,2001-09-10,13:00,17.2,44.376,0.60,933.333,3.28,4.23,0.36,-9999.00,937.500,3.87
SRS6,2001-10-06,13:00,8.5,32.680,0.35,882.500,0.80,1.30,0.18,0.17,866.667,1.12
SRS6,2001-10-31,13:00,13.2,44.156,0.78,867.500,9.81,3.67,0.20,0.01,862.500,3.47
SRS6,2001-11-28,13:00,13.2,38.894,0.35,839.167,3.70,2.65,0.32,0.04,852.500,2.34
SRS6,2001-12-17,12:30,4.9,46.370,0.43,1181.667,0.87,1.59,0.17,0.00,1137.500,1.43
SRS6,2002-01-24,14:00,14.8,39.719,-9999.00,851.667,2.39,2.06,0.26,-9999.00,842.500,1.80
SRS6,2002-02-26,15:00,24.9,17.563,0.80,665.000,0.61,0.91,0.22,-9999.00,657.500,0.69
SRS6,2002-04-02,11:00,29.3,15.422,-9999.00,675.333,-9999.00,1.25,0.08,-9999.00,684.000,1.17
SRS6,2002-05-13,12:00,33.3,47.452,0.80,641.750,0.65,1.02,0.21,-9999.00,590.083,0.82
SRS6,2002-06-27,11:30,7.6,61.280,0.33,1100.833,2.55,2.50,0.20,0.04,1125.000,2.30
SRS6,2002-07-25,13:00,12.1,56.693,0.43,945.000,2.21,2.48,0.25,0.02,938.333,2.22
SRS6,2002-08-19,12:00,18.0,33.284,0.43,1409.167,1.68,2.01,0.25,-9999.00,849.167,1.76
SRS6,2002-09-26,12:00,18.7,34.863,-9999.00,760.167,0.73,1.54,0.19,-9999.00,765.917,1.35
SRS6,2002-10-21,12:00,17.2,30.005,-9999.00,989.167,1.18,1.63,0.19,-9999.00,851.667,1.44
SRS6,2002-11-21,11:30,11.0,39.178,0.26,1015.000,0.76,0.90,0.24,0.10,1034.167,0.66
SRS6,2002-12-17,11:40,12.7,38.738,-9999.00,1623.333,1.18,1.84,0.28,-9999.00,917.500,1.56
SRS6,2003-01-23,14:00,20.1,19.289,0.31,866.542,0.47,0.92,0.08,-9999.00,755.167,0.84
SRS6,2003-02-18,11:30,25.9,22.525,0.42,1184.167,2.29,4.12,0.18,-9999.00,938.333,3.94
SRS6,2003-03-27,11:30,28.4,26.776,0.49,763.667,3.78,3.79,0.43,0.19,658.583,3.36
SRS6,2003-04-22,11:15,29.1,23.865,0.45,639.417,1.65,2.99,0.47,0.09,661.667,2.52
SRS6,2003-05-15,12:00,27.6,26.406,0.13,595.750,2.39,2.41,0.40,-9999.00,578.250,2.01
SRS6,2003-06-19,12:00,18.4,34.989,0.56,796.750,2.08,3.29,0.47,0.08,770.333,2.81
SRS6,2003-07-30,12:00,20.4,30.019,0.53,-9999.000,5.26,-9999.00,-9999.00,-9999.00,865.833,-9999.00
SRS6,2003-08-11,13:15,23.6,37.580,0.52,-9999.000,1.63,1.63,0.41,-9999.00,748.333,1.22
SRS6,2003-09-11,10:50,13.2,22.908,0.37,808.333,2.15,2.23,0.52,-9999.00,818.250,1.71
SRS6,2003-10-07,11:20,10.6,31.960,0.35,748.083,3.18,2.98,0.45,0.06,821.083,2.53
SRS6,2003-11-06,11:00,16.8,20.643,0.30,705.333,5.83,3.27,0.38,-9999.00,902.500,2.89
SRS6,2003-12-04,10:20,13.9,25.197,0.35,831.000,4.54,1.29,0.24,0.09,934.167,1.05
SRS6,2004-01-12,12:00,18.0,22.405,0.32,800.583,2.47,1.93,0.18,0.04,931.667,1.75
SRS6,2004-02-09,12:40,8.6,33.076,0.19,1205.000,2.55,4.97,0.41,0.05,1200.833,4.55
SRS6,2004-03-16,14:30,26.1,29.963,-9999.00,646.833,2.52,2.53,0.19,-9999.00,716.917,2.35
SRS6,2004-04-06,13:00,30.4,20.151,0.30,-9999.000,0.76,1.23,0.12,0.03,-9999.000,1.12
SRS6,2004-05-03,12:30,31.0,28.261,0.49,-9999.000,0.68,1.52,0.30,0.03,-9999.000,1.22
SRS6,2004-06-02,11:10,34.2,31.071,0.35,504.583,0.84,0.53,0.27,0.08,578.083,0.26
SRS6,2004-07-20,12:30,8.4,26.600,-9999.00,698.167,2.09,1.13,0.23,-9999.00,804.250,0.90
SRS6,2004-08-16,11:50,16.1,59.642,0.46,935.000,3.32,5.10,0.53,0.17,976.667,4.56
SRS6,2004-09-01,11:10,15.8,42.275,0.43,-9999.000,4.45,2.82,0.40,0.09,-9999.000,2.43
SRS6,2004-10-13,11:30,12.6,22.381,-9999.00,670.583,1.30,3.47,0.23,-9999.00,766.917,3.25
SRS6,2004-11-16,13:00,12.5,24.695,0.33,898.333,1.74,2.23,0.58,0.05,976.667,1.65
SRS6,2004-12-02,11:30,12.3,29.783,0.35,958.333,3.30,6.18,1.18,0.08,1061.667,4.99
SRS6,2005-01-06,12:40,26.1,17.601,0.45,653.750,2.73,4.96,0.45,-9999.00,756.792,4.51
SRS6,2005-02-21,11:45,25.2,27.756,0.43,901.667,1.64,2.49,0.95,0.09,1030.000,1.53
SRS6,2005-03-09,11:30,30.1,23.945,0.51,2000.833,3.86,6.55,0.19,-9999.00,883.333,6.36
SRS6,2005-04-19,11:30,29.4,22.653,0.76,736.333,1.00,2.10,0.41,-9999.00,765.667,1.69
SRS6,2005-05-18,10:45,30.8,29.184,0.65,587.500,1.72,0.53,0.11,0.09,623.500,0.43
SRS6,2005-06-29,11:10,15.7,32.302,0.48,792.000,2.01,4.74,0.53,-9999.00,878.333,4.21
SRS6,2005-07-21,11:45,23.8,24.103,0.61,717.583,1.46,2.00,0.26,0.10,815.083,1.74
SRS6,2005-09-13,12:30,16.6,21.280,0.84,-9999.000,2.04,1.70,0.10,0.09,682.500,1.60
SRS6,2005-10-11,10:50,8.6,26.160,0.56,-9999.000,4.43,2.37,0.35,0.12,917.500,2.01
SRS6,2005-11-15,13:00,14.0,21.218,1.70,-9999.000,2.76,1.13,0.23,0.06,975.000,0.90
SRS6,2005-12-08,12:15,13.7,23.312,0.91,-9999.000,6.55,1.68,0.23,0.07,1160.833,1.44
SRS6,2006-01-03,11:25,20.4,21.729,0.78,-9999.000,4.16,2.32,0.14,0.13,985.833,2.18
SRS6,2006-02-02,12:00,24.4,21.235,0.72,-9999.000,1.46,2.99,0.19,0.12,879.167,2.80
SRS6,2006-03-09,10:45,19.8,21.348,0.75,-9999.000,2.40,2.30,0.34,0.03,905.833,1.97
SRS6,2006-04-11,11:00,25.9,19.120,0.92,-9999.000,15.80,-9999.00,-9999.00,0.17,875.833,-9999.00
SRS6,2006-05-04,11:30,32.4,16.970,1.51,-9999.000,1.72,2.23,0.29,0.31,627.917,1.94
SRS6,2006-06-06,12:10,30.0,15.120,0.86,-9999.000,0.18,0.74,0.32,0.12,1060.833,0.42
SRS6,2006-07-26,,6.8,29.331,0.59,-9999.000,4.83,3.21,0.34,0.13,1114.167,2.87
SRS6,2006-08-21,12:45,21.4,25.941,1.10,-9999.000,2.07,4.90,0.44,0.32,743.333,4.46
SRS6,2006-09-14,13:05,14.3,38.357,1.13,-9999.000,1.56,1.38,0.26,0.10,890.833,1.12
SRS6,2006-10-16,12:00,18.8,26.064,0.86,-9999.000,5.23,2.97,0.52,0.31,830.333,2.45
SRS6,2006-11-20,13:05,19.9,26.269,1.00,-9999.000,2.32,5.16,0.45,0.18,812.833,4.71
SRS6,2006-12-11,11:35,19.1,27.306,0.75,-9999.000,2.70,3.22,0.34,0.17,892.500,2.88
SRS6,2007-01-17,14:45,26.7,22.476,0.67,-9999.000,2.87,2.23,0.21,0.14,712.917,2.03
SRS6,2007-02-07,11:31,19.3,24.804,0.51,-9999.000,4.57,2.09,0.20,0.04,903.333,1.89
SRS6,2007-03-27,11:10,27.5,26.444,0.88,-9999.000,2.35,1.41,0.25,0.04,696.750,1.16
SRS6,2007-04-26,11:20,25.9,14.615,0.99,-9999.000,2.03,3.11,0.45,-9999.00,747.500,2.66
SRS6,2007-05-22,11:35,29.1,27.455,0.74,-9999.000,1.08,0.99,0.18,0.02,851.833,0.81
SRS6,2007-06-18,10:45,23.8,33.019,0.84,-9999.000,2.54,4.12,0.62,0.12,933.000,3.49
SRS6,2007-07-10,12:15,23.7,32.589,0.89,-9999.000,1.63,4.15,0.51,0.07,971.167,3.64
SRS6,2007-08-07,12:30,26.7,43.148,0.87,-9999.000,1.67,2.30,0.33,0.16,651.917,1.97
SRS6,2007-09-10,12:15,24.1,34.183,0.81,-9999.000,2.33,2.58,0.32,0.12,750.500,2.26
SRS6,2007-10-03,11:50,26.1,30.442,1.24,-9999.000,2.51,1.93,0.29,0.11,377.250,1.64
SRS6,2007-11-07,10:37,25.3,31.728,0.94,-9999.000,1.30,0.21,0.05,0.02,641.000,0.16
SRS6,2007-12-03,11:10,22.4,32.234,0.40,-9999.000,2.36,2.90,0.39,0.28,780.750,2.50
SRS6,2008-01-22,11:00,23.3,44.721,0.62,-9999.000,2.34,2.25,0.19,0.22,867.500,2.06
SRS6,2008-02-18,10:55,30.4,40.666,0.94,-9999.000,1.55,1.90,0.35,0.27,651.667,1.55
SRS6,2008-03-18,11:55,31.2,19.654,0.50,-9999.000,1.24,0.94,0.25,0.21,688.917,0.70
SRS6,2008-04-17,12:10,27.8,32.821,0.83,-9999.000,1.71,2.59,0.35,0.27,680.750,2.24
SRS6,2008-05-27,11:10,35.8,24.195,0.84,-9999.000,2.80,2.26,0.51,0.45,705.917,1.76
SRS6,2008-06-12,11:15,34.8,23.320,0.80,-9999.000,1.61,1.43,0.33,0.28,615.833,1.09
SRS6,2008-07-02,10:50,27.2,31.491,0.72,-9999.000,1.49,1.86,0.29,0.24,720.583,1.57
SRS6,2008-08-04,10:25,27.0,17.298,0.75,-9999.000,2.74,1.50,0.22,0.11,778.500,1.28
SRS6,2008-09-25,11:45,20.3,27.462,1.00,-9999.000,3.39,4.06,0.48,0.19,726.000,3.59
SRS6,2008-10-21,11:40,14.9,16.247,0.37,-9999.000,2.22,1.28,0.28,0.04,850.833,1.01
SRS6,2008-11-17,10:40,13.7,20.903,0.29,-9999.000,2.33,1.21,0.27,0.10,852.500,0.94
SRS6,2008-12-03,10:45,10.5,24.396,0.23,-9999.000,4.27,1.00,0.20,0.07,992.500,0.80
SRS6,2009-01-07,10:20,20.4,23.654,0.63,-9999.000,1.87,2.26,0.28,0.14,821.083,1.97
SRS6,2009-02-04,11:20,25.8,54.243,0.52,-9999.000,1.85,0.84,0.13,0.13,705.583,0.71
SRS6,2009-03-04,11:30,30.0,34.035,0.80,-9999.000,2.14,0.68,0.16,0.17,632.250,0.53
SRS6,2009-04-06,10:45,34.4,44.774,0.86,-9999.000,1.79,1.33,0.33,0.20,597.167,1.00
SRS6,2009-05-06,10:45,36.6,109.709,0.71,-9999.000,0.18,0.05,0.04,0.02,577.500,0.01
SRS6,2009-06-03,09:50,31.0,29.811,0.32,-9999.000,0.44,0.14,0.07,0.03,785.417,0.07
SRS6,2009-07-02,11:15,20.9,44.730,0.77,-9999.000,2.77,5.72,0.76,0.18,889.167,4.96
SRS6,2009-08-12,11:40,22.1,24.030,0.99,-9999.000,1.70,2.83,0.36,0.11,764.667,2.46
SRS6,2009-09-02,12:00,20.8,30.682,0.58,-9999.000,2.54,3.71,0.54,0.13,850.000,3.17
SRS6,2009-10-12,12:00,17.1,10.057,0.59,-9999.000,2.51,3.51,0.36,0.31,904.167,3.15
SRS6,2009-11-02,12:30,21.1,47.966,0.84,-9999.000,2.79,3.16,0.39,0.06,762.333,2.77
SRS6,2009-12-09,11:30,19.9,77.510,0.54,-9999.000,3.15,4.35,0.40,0.17,899.167,3.95
SRS6,2010-01-11,12:45,14.6,118.319,0.35,-9999.000,6.19,2.02,0.14,0.12,1030.000,1.89
SRS6,2010-02-03,11:40,25.4,38.225,1.46,-9999.000,1.43,1.50,0.13,0.11,717.417,1.37
SRS6,2010-03-03,10:30,27.2,51.838,0.44,-9999.000,1.84,0.95,0.10,0.12,615.917,0.86
SRS6,2010-04-21,11:40,28.5,48.024,0.88,-9999.000,1.29,2.77,0.41,0.20,566.417,2.37
SRS6,2010-05-24,15:10,33.0,42.499,0.86,-9999.000,0.60,1.86,0.29,0.08,536.250,1.57
SRS6,2010-06-14,14:00,30.3,39.576,0.72,-9999.000,0.71,1.86,0.43,0.16,681.750,1.43
SRS6,2010-07-19,12:30,24.1,31.083,0.92,-9999.000,1.90,4.92,0.55,0.25,876.667,4.38
SRS6,2010-08-11,12:30,22.5,40.524,0.47,-9999.000,2.09,2.81,0.42,0.17,945.000,2.39
SRS6,2010-09-09,12:30,22.6,45.747,0.38,-9999.000,1.59,3.13,0.49,0.22,817.667,2.64
SRS6,2010-10-06,11:15,12.0,61.047,0.43,-9999.000,2.34,3.52,0.77,0.10,951.667,2.75
SRS6,2010-11-22,09:55,20.2,31.358,0.38,-9999.000,1.25,2.93,0.24,0.32,790.458,2.69
SRS6,2010-12-13,11:40,27.7,29.790,0.44,-9999.000,0.93,0.90,0.06,0.16,550.000,0.84
SRS6,2011-01-11,12:35,22.4,35.096,2.05,-9999.000,1.06,1.92,0.16,0.13,608.167,1.76
SRS6,2011-02-08,09:45,24.3,40.162,0.46,-9999.000,1.99,2.86,0.39,0.15,656.667,2.47
SRS6,2011-03-07,11:20,28.0,29.893,0.42,-9999.000,0.14,0.41,0.10,0.06,534.417,0.31
SRS6,2011-04-13,10:55,33.0,67.563,0.52,-9999.000,1.49,1.95,0.36,0.10,397.750,1.59
SRS6,2011-05-04,11:20,31.9,41.186,0.53,-9999.000,2.67,5.06,0.73,0.13,594.083,4.33
SRS6,2011-06-01,11:45,32.2,54.090,0.87,-9999.000,2.98,4.57,0.64,0.15,695.250,3.93
SRS6,2011-07-06,12:10,34.0,35.335,0.57,-9999.000,2.71,5.34,0.61,0.19,694.750,4.72
SRS6,2011-08-04,12:11,31.0,40.629,0.40,-9999.000,1.08,2.40,0.47,0.28,709.833,1.93
SRS6,2011-09-01,11:30,24.2,41.361,0.73,-9999.000,1.20,3.85,0.45,0.08,967.500,3.40
SRS6,2011-10-06,12:40,18.7,52.122,0.54,-9999.000,2.88,3.85,0.34,0.39,1080.833,3.51
SRS6,2011-11-01,12:30,9.5,46.868,0.56,-9999.000,4.58,3.72,0.37,0.14,1038.333,3.36
SRS6,2011-12-01,13:10,17.1,39.436,0.43,-9999.000,1.20,2.42,0.19,0.21,872.500,2.23
SRS6,2012-01-05,11:45,16.3,49.062,0.42,-9999.000,4.51,2.39,0.19,0.19,999.167,2.20
SRS6,2012-02-15,12:40,26.0,30.530,0.48,-9999.000,1.76,2.80,0.32,0.13,688.750,2.48
SRS6,2012-03-06,10:30,21.9,51.133,0.34,-9999.000,4.99,2.46,0.34,0.06,1057.500,2.12
SRS6,2012-04-10,11:30,33.2,26.242,0.54,-9999.000,2.06,1.75,0.34,0.20,598.000,1.41
SRS6,2012-05-08,11:40,32.1,28.941,0.60,-9999.000,1.07,1.63,0.33,0.15,655.083,1.29
SRS6,2012-06-25,12:00,28.2,44.538,0.80,-9999.000,4.06,4.85,0.44,0.23,599.917,4.41
SRS6,2012-07-10,11:45,14.9,55.684,0.59,-9999.000,3.90,5.69,0.08,0.20,1110.833,5.60
SRS6,2012-08-08,11:30,17.6,42.577,0.59,-9999.000,0.87,3.93,0.36,-9999.00,743.250,3.57
SRS6,2012-09-10,11:40,22.0,33.833,0.67,-9999.000,0.31,2.03,0.32,0.02,700.583,1.71
SRS6,2012-10-17,13:00,18.0,30.856,0.69,-9999.000,1.66,1.91,0.16,0.05,675.833,1.75
SRS6,2012-11-13,11:25,16.5,31.340,0.52,-9999.000,3.48,9.50,0.28,0.80,311.767,3.46
SRS6,2012-12-18,11:35,22.6,27.468,0.65,-9999.000,4.97,6.42,0.37,0.15,760.167,6.05
SRS6,2013-01-15,11:00,24.2,24.211,1.23,-9999.000,0.93,1.27,0.17,0.05,660.583,1.10
SRS6,2013-02-05,12:15,25.0,20.132,0.47,-9999.000,0.96,0.88,0.18,0.05,704.750,0.70
SRS6,2013-03-07,11:30,27.6,24.265,0.76,-9999.000,0.61,0.52,0.11,0.02,647.917,0.40
SRS6,2013-04-02,11:00,31.0,23.694,0.53,-9999.000,1.74,0.59,0.13,0.03,612.667,0.46
SRS6,2013-05-01,10:35,31.2,19.871,0.56,-9999.000,1.09,0.91,0.18,0.12,601.167,0.74
SRS6,2013-06-04,10:16,14.2,40.383,0.67,-9999.000,2.85,1.43,0.22,0.10,981.667,1.21
SRS6,2013-07-01,11:20,26.0,29.760,3.14,-9999.000,2.50,1.84,0.27,0.22,671.292,1.57
SRS6,2013-08-14,11:40,9.5,27.212,0.64,-9999.000,1.40,1.62,0.35,0.26,713.000,1.27
SRS6,2013-09-05,11:21,12.8,35.362,0.50,-9999.000,2.08,1.64,0.33,0.07,960.000,1.31
SRS6,2013-10-28,11:00,19.0,31.795,0.69,-9999.000,2.56,4.48,0.42,0.10,789.083,4.07
SRS6,2013-11-12,11:00,22.4,30.915,0.51,-9999.000,1.38,3.33,0.39,0.20,661.750,2.94
SRS6,2013-12-03,11:30,18.8,31.707,0.49,-9999.000,0.09,1.35,0.19,0.06,774.333,1.17
SRS6,2014-01-22,12:04,23.5,26.390,0.46,-9999.000,0.35,0.55,0.06,0.01,764.250,0.49
SRS6,2014-02-11,12:00,22.6,25.085,0.61,-9999.000,1.01,3.99,0.43,0.16,596.917,3.56
SRS6,2014-03-19,11:30,26.6,25.551,0.78,-9999.000,1.33,1.75,0.28,-9999.00,718.500,1.46
SRS6,2014-04-09,12:30,32.0,13.617,0.81,-9999.000,3.78,1.30,0.28,0.14,488.625,1.03
SRS6,2014-05-01,11:35,32.7,22.657,0.53,-9999.000,2.00,1.76,0.33,0.16,572.917,1.43
SRS6,2014-06-04,11:30,29.7,30.068,1.16,-9999.000,3.03,5.45,0.66,0.29,752.625,4.79
SRS6,2014-07-10,11:30,23.0,26.973,0.73,-9999.000,1.32,4.62,0.50,0.29,765.583,4.11
SRS6,2014-08-13,12:00,22.9,35.073,0.47,-9999.000,1.79,2.18,0.33,0.04,773.917,1.86
SRS6,2014-09-09,11:45,19.1,30.465,0.64,-9999.000,2.27,3.13,0.33,0.17,799.833,2.80
SRS6,2014-10-07,10:45,22.1,32.462,0.53,-9999.000,2.09,2.75,0.34,0.14,708.583,2.41
SRS6,2014-11-04,11:35,18.6,37.704,0.40,-9999.000,3.29,1.49,0.13,0.36,889.583,1.36
SRS6,2014-12-02,10:50,26.0,30.200,0.42,-9999.000,0.67,2.47,0.21,0.11,675.750,2.26
SRS6,2015-01-08,11:40,18.9,35.213,0.44,-9999.000,1.22,2.68,0.19,0.19,1002.500,2.49
SRS6,2015-02-09,12:15,26.1,30.569,0.57,-9999.000,1.80,1.59,0.08,0.07,771.750,1.51
SRS6,2015-03-16,11:30,30.4,30.379,0.66,-9999.000,1.45,3.43,0.46,0.18,604.000,2.96
SRS6,2015-04-06,11:30,31.9,25.961,0.78,-9999.000,2.67,1.62,0.26,0.08,2076.000,1.37
SRS6,2015-05-04,12:00,24.8,28.044,0.51,-9999.000,2.82,0.71,0.19,0.19,920.833,0.53
SRS6,2015-06-02,11:30,32.6,16.958,1.31,-9999.000,0.05,1.26,0.30,0.05,653.917,0.96
SRS6,2015-07-01,11:15,29.6,19.462,0.63,-9999.000,2.56,2.00,0.38,0.08,679.000,1.62
SRS6,2015-08-12,11:45,31.9,18.118,0.67,-9999.000,1.69,3.08,0.43,0.12,622.667,2.64
SRS6,2015-09-15,10:45,22.0,35.617,0.64,-9999.000,3.14,3.29,0.92,1.08,816.167,2.37
SRS6,2015-10-01,12:15,30.8,24.835,0.57,-9999.000,1.03,1.50,0.28,0.26,475.750,1.22
SRS6,2015-11-10,11:15,26.2,37.176,0.72,-9999.000,2.27,5.65,0.63,1.00,823.250,5.03
SRS6,2015-12-01,11:00,26.4,31.575,0.55,-9999.000,2.16,2.21,0.36,0.51,828.417,1.86
SRS6,2016-01-05,11:15,18.8,43.004,0.58,-9999.000,3.33,5.11,0.73,1.09,922.500,4.38
SRS6,2016-02-11,11:40,12.3,32.914,0.54,-9999.000,2.46,0.61,0.41,0.83,862.083,0.20
SRS6,2016-03-08,11:40,17.1,32.053,0.62,-9999.000,4.52,1.21,0.68,1.33,1240.833,0.52
SRS6,2016-04-12,11:00,22.1,31.972,1.14,-9999.000,1.15,1.73,0.56,1.03,832.875,1.17
SRS6,2016-05-09,11:00,29.3,30.915,0.68,-9999.000,2.05,0.95,0.39,0.85,666.333,0.57
SRS6,2016-06-08,11:05,26.7,33.302,1.07,-9999.000,2.12,2.94,0.55,0.69,717.250,2.39
SRS6,2016-07-13,11:10,24.5,29.464,0.73,-9999.000,2.90,2.44,0.57,0.81,695.250,1.87
SRS6,2016-08-02,11:20,23.0,30.095,0.52,-9999.000,3.14,1.58,0.60,0.82,798.333,0.98
SRS6,2016-09-01,11:00,22.1,36.978,0.57,-9999.000,2.78,2.86,0.55,0.84,810.417,2.31
SRS6,2016-10-13,11:15,18.3,34.826,0.58,-9999.000,2.96,5.73,0.78,1.10,753.417,4.95
SRS6,2016-11-09,11:15,20.8,32.964,0.62,-9999.000,4.01,2.41,0.58,1.01,693.917,1.83
SRS6,2016-12-05,10:20,18.7,36.722,0.59,-9999.000,5.70,3.36,0.75,1.22,797.000,2.61
SRS1d,2017-02-01,13:30,0.0,94.711,-9999.00,-9999.000,22.43,0.51,0.19,0.03,1647.500,0.32
SRS1d,2017-01-05,13:45,0.0,77.943,0.62,-9999.000,9.06,0.22,0.21,0.24,1575.000,0.01
SRS1d,2017-03-07,12:00,0.0,112.372,0.51,-9999.000,8.33,0.47,0.06,0.02,2203.333,0.41
SRS1d,2017-04-21,13:30,0.0,126.604,0.46,-9999.000,5.24,0.25,0.10,-9999.00,2321.667,0.16
SRS1d,2017-05-04,14:15,0.0,144.726,0.37,-9999.000,15.86,0.55,0.34,0.07,2429.500,0.21
SRS1d,2017-06-19,10:30,0.2,62.067,0.61,-9999.000,1.97,0.56,0.06,0.01,1336.667,0.51
SRS1d,2017-07-18,13:15,0.2,68.666,0.86,-9999.000,2.04,0.23,0.10,0.04,1441.417,-9999.00
SRS1d,2017-08-11,12:20,0.2,70.285,0.54,-9999.000,2.02,0.28,0.13,0.09,1266.833,-9999.00
SRS1d,2017-09-29,12:50,0.2,61.070,1.32,-9999.000,2.44,0.67,0.10,-9999.00,4066.500,-9999.00
SRS1d,2017-10-10,8:30,0.2,48.197,0.64,-9999.000,2.45,0.33,0.13,0.05,1111.171,-9999.00
SRS1d,2017-11-07,14:06,0.2,47.206,0.40,-9999.000,0.93,0.19,0.03,0.05,1112.917,-9999.00
SRS1d,2017-12-05,12:20,0.2,39.332,0.40,-9999.000,1.13,0.29,0.05,0.02,1133.333,-9999.00
SRS1d,2018-01-09,13:00,0.2,72.535,0.41,-9999.000,1.66,0.48,0.08,0.03,1448.333,-9999.00
SRS2,2017-01-05,10:30,0.0,91.493,0.91,-9999.000,24.05,2.28,0.22,0.07,1410.833,2.06
SRS2,2017-02-01,10:40,0.0,90.242,0.26,-9999.000,24.42,6.41,0.23,0.01,1422.500,6.18
SRS2,2017-03-07,10:50,0.0,121.143,0.42,-9999.000,15.12,0.29,0.06,0.03,2195.833,0.23
SRS2,2017-04-21,12:00,0.0,-9999.000,-9999.00,-9999.000,142.65,0.52,0.13,0.07,3901.667,0.39
SRS2,2017-05-04,13:00,0.0,170.880,0.55,-9999.000,54.47,0.56,0.21,0.06,2649.500,0.35
SRS2,2017-06-19,9:40,0.2,77.325,0.72,-9999.000,2.46,0.29,0.05,0.03,1570.000,0.24
SRS2,2017-07-18,10:15,0.2,59.564,0.90,-9999.000,1.42,0.20,0.09,0.03,1396.250,-9999.00
SRS2,2017-08-11,10:20,0.1,55.926,0.37,-9999.000,0.73,0.13,0.08,0.03,984.500,-9999.00
SRS2,2017-09-29,9:50,0.1,36.612,0.40,-9999.000,0.80,0.11,0.10,-9999.00,2662.833,-9999.00
SRS2,2017-10-10,13:15,0.1,34.003,1.02,-9999.000,1.06,0.16,0.05,0.01,2643.833,-9999.00
SRS2,2017-11-07,11:00,0.1,34.727,0.29,-9999.000,0.51,0.14,0.00,0.03,805.250,-9999.00
SRS2,2017-12-05,10:45,0.1,31.263,0.48,-9999.000,0.62,0.31,0.04,0.03,915.833,-9999.00
SRS2,2018-01-09,10:30,0.2,55.062,0.55,-9999.000,0.67,0.09,0.03,0.03,967.500,-9999.00
SRS3,2017-01-05,9:30,0.3,63.529,0.48,-9999.000,3.11,4.91,0.19,0.02,1435.833,4.72
SRS3,2017-02-01,9:15,0.3,78.081,0.31,-9999.000,15.52,6.19,0.17,0.28,1446.667,6.02
SRS3,2017-03-07,9:50,0.5,110.198,0.60,-9999.000,27.79,1.58,0.10,0.03,1804.167,1.48
SRS3,2017-04-21,11:20,0.6,137.363,0.14,-9999.000,40.92,4.98,0.53,-9999.00,1937.500,4.45
SRS3,2017-05-04,12:15,0.4,59.813,0.45,-9999.000,1.86,1.27,0.17,0.04,1380.833,1.09
SRS3,2017-06-19,8:40,0.2,52.467,0.81,-9999.000,1.46,0.24,0.05,0.02,1135.833,0.19
SRS3,2017-07-18,9:05,0.2,47.781,0.87,-9999.000,0.87,0.27,0.09,0.01,1190.083,-9999.00
SRS3,2017-08-11,9:30,0.2,53.249,1.00,-9999.000,0.68,0.16,0.08,0.05,1148.083,-9999.00
SRS3,2017-09-29,10:40,0.2,36.989,1.27,-9999.000,0.73,0.24,0.08,-9999.00,3426.500,-9999.00
SRS3,2017-10-10,10:50,0.2,37.797,0.83,-9999.000,0.63,0.23,0.06,0.03,3319.833,-9999.00
SRS3,2017-11-07,9:10,0.2,37.739,0.34,-9999.000,0.73,0.26,0.01,0.04,928.250,-9999.00
SRS3,2017-12-05,9:50,0.2,39.417,0.38,-9999.000,0.69,3.14,0.08,0.03,1040.833,-9999.00
SRS3,2018-01-09,9:20,0.2,60.834,0.55,-9999.000,0.99,0.46,0.04,0.03,1125.833,-9999.00
SRS4,2017-01-11,10:40,2.4,56.451,0.43,-9999.000,4.27,2.97,0.33,0.20,1439.167,2.64
SRS4,2017-02-08,10:15,4.0,63.484,0.40,-9999.000,3.78,2.08,0.33,0.19,1402.500,1.75
SRS4,2017-03-01,9:30,11.1,56.062,0.54,-9999.000,2.40,1.81,0.39,0.62,1392.500,1.42
SRS4,2017-04-04,9:15,19.1,43.393,0.57,-9999.000,3.19,0.78,0.57,1.46,1177.500,0.21
SRS4,2017-05-10,9:15,16.7,42.270,0.53,-9999.000,4.63,1.26,0.66,1.11,1174.167,0.60
SRS4,2017-06-13,9:35,10.4,43.664,0.73,-9999.000,3.58,0.57,0.34,0.53,1337.500,0.23
SRS4,2017-07-11,9:20,1.9,44.359,0.45,-9999.000,1.08,0.46,0.14,0.10,1222.250,-9999.00
SRS4,2017-08-09,9:20,0.4,63.759,0.71,-9999.000,1.33,0.32,0.11,0.05,1157.333,-9999.00
SRS4,2017-10-06,10:00,0.3,36.116,0.59,-9999.000,1.89,0.36,0.09,0.04,3029.500,-9999.00
SRS4,2017-11-01,10:40,0.5,48.223,0.45,-9999.000,2.25,0.67,0.02,0.05,865.250,-9999.00
SRS4,2017-12-07,10:25,0.3,35.899,0.52,-9999.000,1.12,0.57,0.04,0.03,1020.000,-9999.00
SRS4,2018-01-11,9:50,1.0,61.494,0.47,-9999.000,1.97,1.22,0.05,0.01,1172.500,1.17
SRS5,2017-01-11,11:20,8.0,54.581,0.54,-9999.000,1.61,3.35,0.43,0.55,1295.833,2.91
SRS5,2017-02-08,11:20,17.1,39.045,0.47,-9999.000,2.26,1.88,0.64,1.00,1018.333,1.25
SRS5,2017-03-01,10:30,18.7,44.022,0.57,-9999.000,2.48,1.21,0.58,0.94,1150.000,0.62
SRS5,2017-04-04,10:10,31.1,29.317,0.54,-9999.000,1.49,0.85,0.29,0.50,762.583,0.56
SRS5,2017-05-10,10:00,22.9,44.163,0.69,-9999.000,3.46,2.06,0.58,0.73,1150.833,1.48
SRS5,2017-06-13,19:12,13.8,38.770,0.85,-9999.000,2.55,1.90,0.59,0.74,1260.000,1.31
SRS5,2017-07-11,10:10,5.4,43.918,0.69,-9999.000,1.51,1.61,0.25,0.26,1219.250,1.36
SRS5,2017-08-09,10:20,2.1,51.762,0.63,-9999.000,1.08,1.43,0.18,0.12,1220.333,1.25
SRS5,2017-10-06,11:00,3.8,47.938,1.26,-9999.000,2.11,0.75,0.16,0.26,3573.167,-9999.00
SRS5,2017-11-01,11:40,0.8,41.964,0.59,-9999.000,1.31,0.74,0.04,0.09,904.917,-9999.00
SRS5,2017-12-07,11:10,1.4,38.290,0.63,-9999.000,0.86,0.97,0.07,0.10,1020.000,-9999.00
SRS5,2018-01-11,11:40,10.0,52.199,0.85,-9999.000,1.58,0.92,0.32,0.56,1050.833,-9999.00
SRS6,2017-01-11,11:50,22.5,31.009,0.60,-9999.000,1.93,1.62,0.44,0.85,768.333,1.18
SRS6,2017-02-08,12:10,26.9,24.404,0.62,-9999.000,1.33,1.30,0.34,0.54,603.000,0.95
SRS6,2017-03-01,11:30,28.8,28.843,0.61,-9999.000,1.36,0.87,0.29,0.39,664.667,0.58
SRS6,2017-04-04,11:10,34.4,23.540,0.44,-9999.000,1.95,2.23,0.33,0.33,508.750,1.90
SRS6,2017-05-10,10:50,30.7,28.312,0.58,-9999.000,1.70,1.40,0.33,0.33,687.750,1.06
SRS6,2017-06-13,10:30,23.4,33.639,0.80,-9999.000,4.04,5.32,0.76,0.82,865.833,4.56
SRS6,2017-07-11,10:47,22.9,37.927,0.71,-9999.000,3.33,1.93,0.58,0.86,854.750,1.34
SRS6,2017-08-09,10:50,19.3,37.940,0.70,-9999.000,3.84,1.40,0.59,0.97,929.250,0.81
SRS6,2017-10-06,13:00,8.8,42.163,1.43,-9999.000,3.27,1.22,0.29,0.50,3599.833,0.93
SRS6,2017-11-01,12:25,8.0,46.094,1.07,-9999.000,4.16,2.84,0.39,0.55,790.583,2.45
SRS6,2017-12-07,11:30,14.4,33.296,1.05,-9999.000,3.75,3.03,0.53,0.91,818.750,2.50
SRS6,2018-01-11,11:40,20.7,33.698,0.91,-9999.000,3.71,1.26,0.51,0.91,710.167,0.75
