SITENAME,DATE,TIME,SALINITY,TN,TP,TOC,NH4,N&N,NO2,SRP,DOC,NO3
TS/Ph4,1998-08-12,00:00,1.0,35.071,0.17,705.833,2.26,-9999.00,-9999.00,0.03,615.000,-9999.00
TS/Ph4,1998-08-13,00:00,0.0,27.929,0.13,589.167,2.24,-9999.00,-9999.00,0.03,428.333,-9999.00
TS/Ph5,1998-08-13,00:00,0.0,54.071,-9999.00,900.000,2.69,0.86,-9999.00,0.04,883.333,-9999.00
TS/Ph4,1998-10-08,00:00,0.0,34.286,0.13,588.333,0.78,1.22,-9999.00,-9999.00,492.500,-9999.00
TS/Ph5,1998-10-08,00:00,0.0,39.571,0.15,833.333,1.20,-9999.00,-9999.00,0.10,748.333,-9999.00
TS/Ph4,1998-10-09,00:00,0.0,33.857,0.19,567.500,1.79,0.64,-9999.00,-9999.00,585.833,-9999.00
TS/Ph5,1998-10-09,00:00,0.0,46.357,-9999.00,829.167,1.29,0.50,-9999.00,-9999.00,755.000,-9999.00
TS/Ph4,1998-12-07,00:00,0.0,25.714,-9999.00,460.000,4.34,1.86,0.35,-9999.00,487.500,1.51
TS/Ph5,1998-12-07,00:00,0.0,36.714,0.13,646.667,3.69,0.71,0.36,0.03,620.000,0.35
TS/Ph4,1998-12-08,00:00,0.0,28.929,-9999.00,481.667,3.48,1.57,0.33,0.04,458.333,1.24
TS/Ph4,1999-08-10,00:00,0.0,25.500,0.02,724.333,1.67,0.86,0.11,0.01,659.167,0.75
TS/Ph5,1999-08-10,00:00,0.0,30.500,0.16,1052.500,2.04,0.60,0.23,0.02,979.167,0.37
TS/Ph4,1999-08-11,00:00,0.0,25.429,0.08,860.000,1.99,0.15,0.15,0.03,870.000,0.00
TS/Ph5,1999-08-11,00:00,0.0,27.643,0.34,1019.167,2.37,0.53,0.28,0.00,969.583,0.25
TS/Ph4,1999-10-28,00:00,0.0,30.736,0.23,568.250,3.20,1.21,0.09,0.05,581.917,1.12
TS/Ph5,1999-10-28,00:00,0.0,22.319,0.22,588.083,0.87,0.37,0.06,0.03,545.500,0.31
TS/Ph4,1999-10-29,00:00,0.0,33.192,0.26,575.167,1.06,0.75,0.05,0.06,519.667,0.70
TS/Ph5,1999-10-29,00:00,0.0,28.030,0.22,610.417,0.75,0.59,0.08,0.05,539.333,0.52
TS/Ph4,1999-12-02,00:00,0.0,29.497,0.30,567.375,1.76,4.64,0.08,0.01,498.042,4.56
TS/Ph5,1999-12-02,00:00,0.0,28.835,0.17,677.333,1.93,3.93,0.21,0.05,614.500,3.72
TS/Ph4,1999-12-03,00:00,0.0,38.672,0.10,658.417,2.03,4.35,0.20,0.02,627.250,4.15
TS/Ph5,1999-12-03,00:00,0.0,27.312,0.18,577.750,2.14,4.20,0.07,0.02,511.417,4.13
TS/Ph4,2000-07-11,00:00,0.0,20.753,0.20,715.583,0.90,0.09,0.05,0.00,700.750,0.04
TS/Ph5,2000-07-11,00:00,0.0,39.281,0.20,1074.167,3.40,0.44,0.11,0.01,1105.833,0.33
TS/Ph4,2000-07-12,00:00,0.0,19.489,0.18,652.833,0.91,0.07,0.03,0.03,652.917,0.04
TS/Ph5,2000-07-12,00:00,0.0,45.295,0.21,1055.833,2.75,0.47,0.13,0.05,1030.000,0.34
TS/Ph4,2000-08-28,00:00,0.0,26.712,0.35,724.167,6.93,2.74,1.01,0.05,660.000,1.73
TS/Ph5,2000-08-28,00:00,0.0,20.927,0.26,964.583,1.21,0.25,0.11,0.05,890.000,0.14
TS/Ph4,2000-08-29,00:00,0.0,18.321,0.47,678.417,6.40,3.36,0.89,0.05,635.917,2.47
TS/Ph5,2000-08-29,00:00,0.0,16.512,0.21,971.667,1.11,0.31,0.12,0.04,846.667,0.19
TS/Ph4,2000-10-16,00:00,0.0,19.186,0.27,655.000,3.62,4.85,0.49,0.08,645.583,4.36
TS/Ph5,2000-10-16,00:00,0.0,13.962,0.15,775.167,1.21,0.23,0.07,0.20,756.583,0.16
TS/Ph4,2000-10-17,00:00,0.0,18.287,0.17,661.583,2.32,7.22,0.51,0.00,635.167,6.71
TS/Ph5,2000-10-17,00:00,0.0,13.899,0.19,749.833,0.58,0.23,0.10,0.06,696.917,0.13
TS/Ph4,1998-08-12,03:00,0.0,33.214,0.17,790.000,2.79,-9999.00,-9999.00,0.03,640.000,-9999.00
TS/Ph4,1998-08-13,03:00,0.0,31.571,0.14,695.000,2.69,1.21,0.36,0.05,585.833,0.85
TS/Ph5,1998-08-13,03:00,1.0,17.714,-9999.00,866.667,2.71,0.79,-9999.00,0.05,809.167,-9999.00
TS/Ph4,1998-10-08,03:00,0.0,28.571,0.12,578.333,-9999.00,0.71,-9999.00,-9999.00,540.000,-9999.00
TS/Ph5,1998-10-08,03:00,0.0,38.500,0.17,833.333,0.76,-9999.00,-9999.00,0.03,740.833,-9999.00
TS/Ph4,1998-10-09,03:00,0.0,31.714,0.22,581.667,1.15,0.50,-9999.00,-9999.00,591.667,-9999.00
TS/Ph5,1998-10-09,03:00,0.0,42.857,0.19,812.500,1.28,-9999.00,-9999.00,0.05,819.167,-9999.00
TS/Ph4,1998-12-07,03:00,0.0,25.643,-9999.00,478.333,3.13,2.14,0.34,-9999.00,495.833,1.81
TS/Ph5,1998-12-07,03:00,0.0,38.786,-9999.00,613.333,3.55,0.86,0.35,-9999.00,589.167,0.51
TS/Ph4,1998-12-08,03:00,0.0,28.714,-9999.00,488.333,3.55,1.29,0.34,0.03,522.500,0.95
TS/Ph4,1999-06-23,03:00,0.0,25.308,0.62,749.500,4.37,1.08,0.07,0.02,736.917,1.01
TS/Ph5,1999-06-23,03:00,1.0,48.071,0.41,1140.000,2.06,1.86,0.20,0.02,1171.667,1.66
TS/Ph4,1999-06-24,03:00,0.0,23.115,0.29,678.417,4.80,0.99,0.13,0.03,707.833,0.86
TS/Ph5,1999-06-24,03:00,0.0,38.929,2.83,980.833,1.29,3.08,0.22,0.02,1010.833,2.86
TS/Ph4,1999-08-10,03:00,0.0,21.357,0.01,762.167,1.86,0.55,0.14,0.02,714.333,0.41
TS/Ph5,1999-08-10,03:00,0.0,32.929,0.15,1015.000,1.97,0.21,0.21,0.02,1091.667,0.00
TS/Ph4,1999-08-11,03:00,0.0,23.786,0.09,852.500,1.96,0.08,0.08,0.00,788.500,0.00
TS/Ph5,1999-08-11,03:00,0.0,27.429,0.21,990.000,3.55,0.32,0.27,0.03,1038.333,0.05
TS/Ph4,1999-10-28,03:00,0.0,27.926,0.21,562.833,0.19,0.08,0.03,0.05,530.583,0.05
TS/Ph5,1999-10-28,03:00,0.0,28.142,0.32,608.833,0.90,0.37,0.07,0.05,559.917,0.31
TS/Ph4,1999-10-29,03:00,0.0,25.403,0.24,540.917,1.28,0.52,0.06,0.05,523.500,0.46
TS/Ph5,1999-10-29,03:00,0.0,27.008,0.22,602.167,0.68,0.52,0.07,0.03,499.750,0.45
TS/Ph4,1999-12-02,03:00,0.0,30.292,0.24,565.583,1.69,4.60,0.09,0.01,436.417,4.51
TS/Ph5,1999-12-02,03:00,0.0,29.787,0.17,663.667,2.18,3.94,0.20,0.04,624.167,3.74
TS/Ph4,1999-12-03,03:00,0.0,35.313,0.13,670.917,2.69,4.55,0.20,0.00,632.583,4.35
TS/Ph5,1999-12-03,03:00,0.0,29.766,0.21,571.167,2.18,4.53,0.06,0.02,523.250,4.47
TS/Ph4,2000-07-11,03:00,0.0,20.235,0.23,690.167,0.89,0.16,0.07,0.07,678.833,0.09
TS/Ph5,2000-07-11,03:00,0.0,39.035,0.21,1108.333,2.57,0.32,0.09,0.01,1060.000,0.23
TS/Ph4,2000-07-12,03:00,0.0,21.951,0.18,639.583,0.84,0.07,0.05,0.02,648.250,0.02
TS/Ph5,2000-07-12,03:00,0.0,40.673,0.21,1073.750,2.29,0.26,0.08,0.04,1041.667,0.18
TS/Ph4,2000-08-28,03:00,0.0,20.826,0.24,726.000,6.02,0.14,0.09,0.04,624.375,0.05
TS/Ph5,2000-08-28,03:00,0.0,19.670,0.22,947.500,1.26,0.30,0.09,0.05,821.167,0.21
TS/Ph4,2000-08-29,03:00,0.0,16.614,0.33,732.917,4.83,0.87,0.43,0.06,649.167,0.44
TS/Ph5,2000-08-29,03:00,0.0,18.123,0.22,946.667,1.49,0.53,0.10,0.04,844.167,0.43
TS/Ph4,2000-10-16,03:00,0.0,19.970,0.19,739.583,2.96,7.32,0.55,0.07,632.750,6.77
TS/Ph5,2000-10-16,03:00,0.0,15.056,0.14,773.667,0.99,0.20,0.07,0.00,716.750,0.13
TS/Ph4,2000-10-17,03:00,0.0,17.719,0.25,671.958,2.80,6.61,0.66,0.07,641.333,5.95
TS/Ph5,2000-10-17,03:00,0.0,15.234,0.18,853.333,0.64,0.24,0.09,0.08,692.583,0.15
TS/Ph4,1998-08-12,06:00,1.0,35.571,0.16,644.167,2.68,0.64,-9999.00,0.03,717.500,-9999.00
TS/Ph5,1998-08-12,06:00,1.0,45.357,-9999.00,-9999.000,1.94,-9999.00,-9999.00,-9999.00,-9999.000,-9999.00
TS/Ph4,1998-08-13,06:00,0.0,31.286,0.12,605.000,2.36,1.57,-9999.00,0.04,613.333,-9999.00
TS/Ph5,1998-08-13,06:00,0.0,60.500,-9999.00,908.333,1.99,0.64,-9999.00,0.05,739.167,-9999.00
TS/Ph4,1998-10-08,06:00,0.0,29.286,0.13,591.667,-9999.00,0.50,-9999.00,-9999.00,518.333,-9999.00
TS/Ph5,1998-10-08,06:00,0.0,42.286,0.13,765.833,1.36,0.46,-9999.00,0.04,521.667,-9999.00
TS/Ph4,1998-10-09,06:00,0.0,34.786,0.20,580.000,1.21,-9999.00,-9999.00,0.04,558.333,-9999.00
TS/Ph5,1998-10-09,06:00,0.0,47.500,0.18,716.667,0.79,0.57,-9999.00,-9999.00,640.000,-9999.00
TS/Ph4,1998-12-07,06:00,0.0,25.714,-9999.00,483.333,2.91,2.36,0.33,-9999.00,484.167,2.03
TS/Ph5,1998-12-07,06:00,0.0,37.286,-9999.00,614.167,3.34,0.50,0.37,-9999.00,600.000,0.13
TS/Ph4,1998-12-08,06:00,0.0,27.786,-9999.00,485.000,2.70,1.57,0.35,-9999.00,445.000,1.22
TS/Ph4,1999-08-10,06:00,0.0,27.214,0.02,784.083,2.61,0.27,0.09,0.01,739.917,0.18
TS/Ph5,1999-08-10,06:00,0.0,35.071,0.16,1033.333,1.85,0.22,0.22,0.02,957.500,0.00
TS/Ph4,1999-08-11,06:00,0.0,34.214,0.09,863.333,2.22,0.07,0.07,0.02,805.083,0.00
TS/Ph5,1999-08-11,06:00,0.0,25.429,0.15,1077.500,3.39,0.17,0.17,0.03,963.333,0.00
TS/Ph4,1999-10-28,06:00,0.0,28.851,0.18,567.167,0.14,0.09,0.03,0.06,545.667,0.06
TS/Ph5,1999-10-28,06:00,0.0,27.352,0.18,585.250,0.92,0.51,0.06,0.02,560.083,0.44
TS/Ph4,1999-10-29,06:00,0.0,26.283,0.26,536.917,1.68,0.62,0.06,0.04,478.167,0.57
TS/Ph5,1999-10-29,06:00,0.0,27.093,0.26,627.250,0.62,0.48,0.08,0.04,501.833,0.40
TS/Ph4,1999-12-02,06:00,0.0,33.047,0.20,566.833,1.85,4.64,0.09,0.01,450.750,4.55
TS/Ph5,1999-12-02,06:00,0.0,29.469,0.17,667.583,2.64,3.88,0.18,0.04,601.250,3.71
TS/Ph4,1999-12-03,06:00,0.0,35.362,0.11,659.125,3.29,4.69,0.19,0.06,636.667,4.50
TS/Ph5,1999-12-03,06:00,0.0,26.540,0.24,591.500,2.95,4.08,0.07,0.08,530.750,4.02
TS/Ph4,2000-07-11,06:00,0.0,18.977,0.24,680.750,0.91,0.05,0.02,0.01,692.417,0.03
TS/Ph5,2000-07-11,06:00,0.0,36.364,0.21,1050.000,2.67,0.28,0.07,0.00,1061.667,0.20
TS/Ph4,2000-07-12,06:00,0.0,19.673,0.19,671.083,0.53,0.09,0.05,0.01,643.167,0.04
TS/Ph5,2000-07-12,06:00,0.0,41.880,0.29,1043.333,2.04,0.17,0.08,0.05,1035.000,0.09
TS/Ph4,2000-08-28,06:00,0.0,23.682,0.18,682.667,5.24,0.77,0.33,0.04,582.833,0.44
TS/Ph5,2000-08-28,06:00,0.0,18.987,0.22,832.583,2.16,0.36,0.10,0.08,762.833,0.26
TS/Ph4,2000-08-29,06:00,0.0,14.862,0.27,719.250,4.08,0.25,0.14,0.04,649.417,0.11
TS/Ph5,2000-08-29,06:00,0.0,18.001,0.21,940.833,0.88,0.22,0.09,0.05,821.667,0.13
TS/Ph4,2000-10-16,06:00,0.0,20.721,0.21,782.417,3.23,8.18,0.40,0.02,703.083,7.78
TS/Ph5,2000-10-16,06:00,0.0,14.605,0.16,790.750,1.58,0.20,0.07,0.01,690.583,0.13
TS/Ph4,2000-10-17,06:00,0.0,16.790,0.21,683.750,2.53,6.24,0.69,0.06,629.833,5.55
TS/Ph5,2000-10-17,06:00,0.0,15.053,0.15,875.000,0.60,0.21,0.09,0.05,734.333,0.12
TS/Ph4,1999-06-23,07:00,0.0,19.733,0.24,738.083,4.12,0.90,0.10,0.02,740.250,0.81
TS/Ph5,1999-06-23,07:00,1.0,42.429,0.57,1112.500,1.81,1.66,0.23,0.03,1144.167,1.43
TS/Ph4,1999-06-24,07:00,0.0,28.083,0.19,1195.000,5.04,1.22,0.13,0.02,637.667,1.09
TS/Ph5,1999-06-24,07:00,0.0,35.143,0.75,930.000,1.62,2.77,0.23,0.03,1020.000,2.54
TS/Ph5,2003-01-21,08:30,0.0,94.351,0.16,917.500,-9999.00,2.61,0.25,0.03,-9999.000,2.36
TS/Ph4,2004-01-08,08:40,0.0,39.388,0.21,755.917,22.35,8.67,0.13,0.00,642.417,8.54
TS/Ph4,2002-11-22,08:45,0.0,63.524,0.13,691.667,0.14,0.20,0.11,0.03,759.417,0.09
TS/Ph5,2003-09-15,08:50,0.0,21.608,0.05,577.500,1.46,0.56,0.07,-9999.00,465.417,0.49
TS/Ph4,1998-08-12,09:00,0.0,34.214,0.13,663.333,2.44,-9999.00,-9999.00,0.00,660.000,-9999.00
TS/Ph5,1998-08-12,09:00,2.0,47.643,-9999.00,-9999.000,2.03,0.64,-9999.00,0.05,1033.333,-9999.00
TS/Ph4,1998-08-13,09:00,0.0,34.929,0.15,603.333,1.91,1.86,-9999.00,0.10,637.500,-9999.00
TS/Ph5,1998-08-13,09:00,0.0,56.000,-9999.00,925.000,2.37,0.71,-9999.00,0.06,866.667,-9999.00
TS/Ph4,1998-10-08,09:00,0.0,28.071,-9999.00,562.500,0.68,0.69,-9999.00,-9999.00,509.167,-9999.00
TS/Ph5,1998-10-08,09:00,0.0,44.500,0.13,735.000,0.71,0.69,-9999.00,0.04,785.000,-9999.00
TS/Ph4,1998-10-09,09:00,0.0,33.286,0.21,527.500,1.01,-9999.00,-9999.00,-9999.00,561.667,-9999.00
TS/Ph5,1998-10-09,09:00,0.0,11.286,0.13,722.500,0.83,0.71,-9999.00,-9999.00,662.500,-9999.00
TS/Ph4,1998-12-07,09:00,0.0,25.714,-9999.00,459.167,3.26,1.71,0.38,-9999.00,435.833,1.34
TS/Ph5,1998-12-07,09:00,0.0,37.000,-9999.00,616.667,3.41,1.36,0.45,0.03,590.000,0.91
TS/Ph4,1998-12-08,09:00,0.0,25.857,-9999.00,501.667,2.41,1.50,0.33,-9999.00,419.167,1.17
TS/Ph5,1998-12-08,09:00,0.0,40.786,-9999.00,618.333,4.34,1.64,0.41,-9999.00,528.333,1.23
TS/Ph4,1999-08-10,09:00,0.0,44.000,0.03,777.833,1.58,0.11,0.11,0.01,700.958,0.00
TS/Ph5,1999-08-10,09:00,0.0,30.643,0.19,1047.500,2.09,0.14,0.14,0.02,985.000,0.00
TS/Ph4,1999-08-11,09:00,0.0,25.643,0.09,1979.167,4.31,0.18,0.18,0.01,916.833,0.00
TS/Ph5,1999-08-11,09:00,0.0,29.857,0.15,1135.000,5.95,0.17,0.17,0.02,1096.667,0.00
TS/Ph4,1999-10-28,09:00,0.0,29.756,0.25,557.417,2.15,0.86,0.06,0.02,539.250,0.80
TS/Ph5,1999-10-28,09:00,0.0,30.850,0.22,607.583,2.03,0.58,0.09,0.05,516.167,0.49
TS/Ph4,1999-10-29,09:00,0.0,26.953,0.26,547.917,1.42,1.84,0.13,0.03,521.250,1.71
TS/Ph5,1999-10-29,09:00,0.0,28.312,0.25,616.500,0.60,0.40,0.08,0.03,538.083,0.33
TS/Ph4,1999-12-02,09:00,0.0,28.688,0.19,557.500,1.80,4.15,0.06,0.02,514.333,4.09
TS/Ph5,1999-12-02,09:00,0.0,30.851,0.17,656.917,2.65,3.88,0.20,0.02,568.667,3.68
TS/Ph4,1999-12-03,09:00,0.0,40.316,0.13,666.667,2.91,4.72,0.18,0.03,633.917,4.55
TS/Ph5,1999-12-03,09:00,0.0,27.588,0.19,594.917,2.26,3.46,0.06,0.01,548.667,3.40
TS/Ph4,2000-07-11,09:00,0.0,15.653,0.21,640.583,0.58,0.07,0.03,0.01,716.250,0.04
TS/Ph5,2000-07-11,09:00,0.0,47.541,0.19,1088.333,2.13,0.34,0.09,0.03,1003.333,0.25
TS/Ph4,2000-07-12,09:00,0.0,20.248,0.19,637.833,1.24,0.06,0.04,0.01,637.000,0.02
TS/Ph5,2000-07-12,09:00,0.0,41.208,0.25,1047.500,1.42,0.19,0.08,0.01,924.167,0.11
TS/Ph4,2000-08-28,09:00,0.0,25.962,0.21,692.417,4.65,1.49,0.56,0.05,603.167,0.93
TS/Ph5,2000-08-28,09:00,0.0,17.153,0.23,881.667,0.48,0.24,0.11,0.07,772.667,0.13
TS/Ph4,2000-08-29,09:00,0.0,14.896,0.18,723.083,4.74,0.66,0.32,0.04,620.917,0.34
TS/Ph5,2000-08-29,09:00,0.0,20.839,0.21,926.667,1.13,0.78,0.10,0.03,789.167,0.68
TS/Ph4,2000-10-16,09:00,0.0,22.501,0.16,751.917,2.88,8.92,0.37,0.06,671.500,8.55
TS/Ph5,2000-10-16,09:00,0.0,18.471,0.16,733.250,2.77,0.21,0.06,0.02,683.667,0.15
TS/Ph4,2000-10-17,09:00,0.0,16.298,0.19,662.667,2.20,6.41,0.53,0.06,633.833,5.88
TS/Ph5,2000-10-17,09:00,0.0,14.049,0.17,861.667,0.69,0.22,0.09,0.05,717.083,0.13
TS/Ph5,2002-09-19,09:00,0.0,30.410,0.06,566.000,4.70,0.77,0.11,0.02,-9999.000,0.66
TS/Ph5,2002-11-22,09:00,0.0,-9999.000,0.17,1183.333,-9999.00,5.22,0.41,0.03,1203.333,4.81
TS/Ph4,2003-01-21,09:00,0.0,46.246,0.17,581.458,3.25,0.38,0.06,0.03,-9999.000,0.32
TS/Ph4,2003-05-05,09:00,0.0,21.442,0.10,511.958,0.50,2.33,0.16,0.02,562.333,2.17
TS/Ph4,2003-07-25,09:00,0.0,32.899,0.31,648.417,3.09,0.64,0.10,0.05,593.083,0.54
TS/Ph4,2004-10-25,09:00,0.0,29.172,0.09,480.833,1.52,12.12,0.37,0.01,538.000,11.75
TS/Ph5,2004-01-08,09:05,0.0,29.463,0.09,761.417,9.98,5.64,0.15,0.02,639.083,5.49
TS/Ph5,2003-05-05,09:20,0.0,27.480,0.07,818.417,1.01,0.08,0.06,0.04,805.500,0.02
TS/Ph5,2004-10-25,09:20,0.0,21.009,0.11,564.333,0.97,1.22,0.08,0.01,653.917,1.15
TS/Ph4,2005-11-08,09:30,0.0,26.501,0.26,-9999.000,4.19,4.61,0.40,0.07,657.083,4.21
TS/Ph4,2002-09-19,09:35,0.0,24.861,-9999.00,764.417,1.52,4.21,0.16,-9999.00,529.083,4.05
TS/Ph5,2003-04-04,10:00,0.0,31.048,0.09,798.500,0.84,0.63,0.05,0.03,790.333,0.58
TS/Ph5,2003-08-27,10:00,0.0,37.853,0.05,563.083,1.61,0.22,0.07,-9999.00,617.750,0.15
TS/Ph5,2005-12-05,10:00,0.0,23.203,0.29,-9999.000,5.81,2.41,0.00,0.06,771.833,2.41
TS/Ph4,2003-04-04,10:15,0.0,20.038,0.13,619.833,1.45,0.17,0.03,0.00,630.000,0.14
TS/Ph5,2005-11-08,10:15,0.0,22.945,0.21,-9999.000,2.43,0.79,0.16,0.01,703.250,0.63
TS/Ph5,2002-08-19,10:30,0.0,32.136,0.10,649.333,0.64,0.42,0.06,0.01,707.000,0.36
TS/Ph5,2003-06-12,10:30,0.0,24.391,0.12,738.250,1.27,0.14,0.08,0.03,672.333,0.06
TS/Ph4,2004-09-21,10:30,0.0,32.600,0.12,520.167,0.98,6.35,0.08,0.07,638.083,6.27
TS/Ph5,2006-02-15,10:30,0.0,80.747,0.66,-9999.000,,0.88,0.34,0.05,,0.55
TS/Ph4,2003-06-12,10:40,0.0,25.016,0.11,-9999.000,0.31,4.30,0.25,0.06,689.083,4.05
TS/Ph4,2002-08-19,10:45,0.0,28.530,0.07,475.500,2.66,3.83,0.21,0.01,484.917,3.62
TS/Ph4,2003-09-15,10:50,0.0,20.975,0.06,444.750,0.15,5.08,0.12,0.02,-9999.000,4.95
TS/Ph4,2005-12-05,10:55,0.0,20.405,0.36,-9999.000,3.59,2.54,0.01,0.03,647.333,2.52
TS/Ph4,1999-06-22,11:00,0.0,34.609,0.42,756.583,3.34,0.79,0.08,0.04,904.583,0.71
TS/Ph5,1999-06-22,11:00,2.0,51.214,0.17,1176.667,1.82,1.13,0.26,0.05,1429.167,0.88
TS/Ph4,1999-06-23,11:00,0.0,24.018,0.22,749.917,6.26,1.99,0.34,0.65,719.500,1.65
TS/Ph5,1999-06-23,11:00,0.0,38.786,1.14,1101.667,1.02,1.36,0.19,0.02,1219.167,1.17
TS/Ph5,2002-06-27,11:00,0.0,20.809,0.42,573.333,0.61,0.10,0.07,0.03,590.750,0.03
TS/Ph5,2005-10-13,11:00,0.0,37.469,0.23,-9999.000,1.60,0.31,0.16,0.03,717.083,0.15
TS/Ph4,2006-11-15,11:00,0.0,32.972,0.17,-9999.000,5.61,0.33,0.05,0.02,744.542,0.28
TS/Ph5,2003-12-15,11:10,0.0,28.702,0.08,731.417,2.33,1.70,0.10,0.05,676.000,1.60
TS/Ph5,2004-09-21,11:15,0.0,35.369,0.07,-9999.000,1.63,1.21,0.04,-9999.00,-9999.000,1.17
TS/Ph5,2005-08-17,11:15,0.0,27.794,0.13,-9999.000,2.35,0.21,0.12,0.02,636.417,0.09
TS/Ph5,2004-08-18,11:20,0.0,21.596,0.10,606.333,1.12,2.47,0.07,0.01,611.250,2.40
TS/Ph4,2005-10-13,11:20,0.0,35.612,0.38,-9999.000,2.32,5.16,0.57,0.00,566.250,4.59
TS/Ph4,2003-12-15,11:25,0.0,27.457,0.07,620.583,0.93,5.78,0.10,0.02,582.917,5.68
TS/Ph5,2006-11-15,11:25,0.0,27.816,0.12,-9999.000,2.94,0.84,0.08,0.00,797.750,0.77
TS/Ph5,2006-07-27,11:30,0.0,15.578,0.17,-9999.000,2.54,0.81,0.05,0.07,839.167,0.76
TS/Ph5,2005-07-20,11:45,0.0,24.540,0.36,755.167,1.09,0.28,0.06,0.03,911.667,0.22
TS/Ph5,2006-10-11,11:50,0.0,30.224,0.32,-9999.000,2.19,0.34,0.05,0.02,639.583,0.28
TS/Ph4,2004-08-18,11:55,0.0,32.784,0.13,911.667,1.28,2.05,0.14,0.02,914.167,1.91
TS/Ph5,1998-08-11,12:00,2.0,51.857,0.55,1183.333,2.97,-9999.00,-9999.00,0.09,1025.000,-9999.00
TS/Ph4,1998-08-12,12:00,0.0,36.714,0.13,678.333,2.00,-9999.00,-9999.00,0.03,656.667,-9999.00
TS/Ph5,1998-08-12,12:00,0.0,47.786,0.13,-9999.000,2.44,0.64,-9999.00,0.05,1050.000,-9999.00
TS/Ph4,1998-10-07,12:00,0.0,33.000,0.22,553.333,0.91,0.66,-9999.00,0.04,611.667,-9999.00
TS/Ph5,1998-10-07,12:00,0.0,41.929,-9999.00,866.667,-9999.00,0.44,-9999.00,0.03,726.667,-9999.00
TS/Ph4,1998-10-08,12:00,0.0,27.857,0.18,545.833,-9999.00,0.86,-9999.00,-9999.00,526.667,-9999.00
TS/Ph5,1998-10-08,12:00,0.0,47.143,0.13,719.167,1.84,0.89,-9999.00,0.03,763.333,-9999.00
TS/Ph4,1998-12-06,12:00,0.0,24.857,-9999.00,464.167,3.26,1.93,0.37,-9999.00,501.667,1.56
TS/Ph5,1998-12-06,12:00,0.0,37.857,-9999.00,618.333,-9999.00,1.00,0.40,-9999.00,561.667,0.60
TS/Ph4,1998-12-07,12:00,0.0,26.929,0.12,450.833,3.06,1.79,0.37,-9999.00,456.667,1.41
TS/Ph5,1998-12-07,12:00,0.0,34.786,-9999.00,617.500,3.98,1.50,0.39,0.03,635.833,1.11
TS/Ph4,1999-08-09,12:00,0.0,23.786,0.06,742.167,0.77,0.11,0.11,0.02,796.750,0.00
TS/Ph5,1999-08-09,12:00,0.0,30.429,0.23,1221.667,1.29,0.18,0.18,0.02,1960.000,0.00
TS/Ph4,1999-08-10,12:00,0.0,24.714,0.08,811.083,1.52,0.12,0.12,0.01,716.333,0.00
TS/Ph5,1999-08-10,12:00,0.0,28.786,0.16,1111.250,6.78,0.18,0.18,0.02,1021.667,0.00
TS/Ph4,1999-10-28,12:00,0.0,26.066,-9999.00,567.292,1.09,0.99,0.05,0.04,488.500,0.94
TS/Ph5,1999-10-28,12:00,0.0,26.003,0.20,591.583,0.97,0.41,0.09,0.05,566.833,0.31
TS/Ph4,1999-10-29,12:00,0.0,27.966,0.21,542.250,2.23,1.77,0.11,0.05,546.417,1.66
TS/Ph5,1999-10-29,12:00,0.0,26.156,0.22,612.250,0.67,0.40,0.07,0.03,548.917,0.34
TS/Ph4,1999-12-02,12:00,0.0,34.761,0.26,551.667,1.95,4.23,0.06,0.02,510.250,4.17
TS/Ph5,1999-12-02,12:00,0.0,23.199,0.15,565.375,1.77,3.76,0.07,0.02,515.083,3.69
TS/Ph4,1999-12-03,12:00,0.0,32.352,0.10,656.917,3.05,4.66,0.20,0.03,629.250,4.47
TS/Ph5,1999-12-03,12:00,0.0,35.899,0.10,488.000,3.07,3.65,0.19,0.06,637.250,3.46
TS/Ph4,2000-07-10,12:00,0.0,29.374,0.27,1140.000,1.07,0.09,0.05,0.02,1173.333,0.04
TS/Ph5,2000-07-10,12:00,0.0,46.331,0.26,1112.500,1.45,0.31,0.11,0.00,2586.667,0.20
TS/Ph4,2000-07-11,12:00,0.0,19.171,0.22,666.333,0.46,0.09,0.07,0.02,866.667,0.02
TS/Ph5,2000-07-11,12:00,0.0,41.616,0.20,1084.167,1.40,0.31,0.10,0.00,1035.000,0.20
TS/Ph4,2000-08-28,12:00,0.0,20.830,0.17,685.583,4.84,2.48,0.84,0.04,617.333,1.64
TS/Ph5,2000-08-28,12:00,0.0,16.899,0.19,884.167,0.64,0.24,0.12,0.07,828.083,0.12
TS/Ph4,2000-08-29,12:00,0.0,18.927,0.20,723.750,7.36,4.43,1.24,0.04,644.000,3.19
TS/Ph5,2000-08-29,12:00,0.0,19.836,0.33,965.000,0.68,0.18,0.10,0.05,795.000,0.08
TS/Ph4,2000-10-16,12:00,0.0,19.088,0.17,725.000,2.57,8.69,0.31,0.03,657.750,8.38
TS/Ph5,2000-10-16,12:00,0.0,14.461,0.16,783.417,0.56,0.16,0.06,0.00,680.375,0.10
TS/Ph4,2000-10-17,12:00,0.0,18.750,0.20,673.417,2.61,8.43,0.28,0.06,641.917,8.15
TS/Ph5,2000-10-17,12:00,0.0,14.437,0.20,875.833,0.77,0.23,0.08,0.07,746.750,0.15
TS/Ph4,2001-09-17,12:00,0.0,18.637,0.13,498.917,1.83,4.79,0.43,0.02,520.833,4.36
TS/Ph5,2001-09-17,12:00,0.0,22.490,0.14,618.333,1.08,0.11,0.07,0.03,613.625,0.04
TS/Ph4,2001-11-28,12:00,0.0,25.208,-9999.00,603.417,3.67,7.34,0.15,-9999.00,603.917,7.19
TS/Ph5,2001-11-28,12:00,0.0,28.660,-9999.00,642.250,1.74,0.37,0.11,-9999.00,632.000,0.26
TS/Ph4,2002-01-09,12:00,0.0,18.527,0.09,601.250,1.96,8.11,0.34,0.00,569.167,7.77
TS/Ph5,2002-01-09,12:00,0.0,25.490,0.12,777.833,2.61,0.90,0.43,0.02,741.500,0.47
TS/Ph5,2003-10-20,12:00,0.0,31.852,0.06,660.083,2.00,0.70,0.10,0.02,686.417,0.60
TS/Ph4,2005-08-17,12:00,0.0,57.621,0.12,-9999.000,1.73,0.37,0.16,0.04,461.250,0.21
TS/Ph5,2005-09-14,12:05,0.0,33.738,0.15,-9999.000,2.26,0.22,0.06,0.01,543.500,0.16
TS/Ph4,2005-06-16,12:15,0.0,29.530,0.12,618.000,0.29,4.26,0.44,0.08,772.917,3.82
TS/Ph4,2006-07-27,12:15,0.0,19.521,0.27,-9999.000,2.29,8.27,0.23,0.07,692.667,8.05
TS/Ph4,2002-06-27,12:30,0.0,31.210,0.50,556.250,1.28,0.04,0.03,0.03,559.792,0.01
TS/Ph5,2002-10-24,12:30,0.0,32.554,0.16,750.000,4.95,2.71,0.22,0.01,721.500,2.49
TS/Ph5,2005-06-16,12:30,0.0,27.364,0.09,870.000,1.60,0.22,0.10,0.05,1088.333,0.12
TS/Ph4,2005-09-14,12:30,0.0,47.619,0.13,-9999.000,2.19,8.77,0.24,0.03,450.083,8.53
TS/Ph4,2003-10-20,12:35,0.0,25.698,0.05,438.833,0.81,2.44,0.10,0.01,453.750,2.34
TS/Ph5,2006-09-19,12:50,0.0,16.983,0.28,-9999.000,1.25,0.16,0.06,0.00,1094.167,0.09
TS/Ph4,2005-07-20,12:51,0.0,22.859,0.15,561.000,1.07,4.22,0.12,0.07,676.667,4.09
TS/Ph4,2002-10-24,13:00,0.0,31.639,0.11,672.667,3.49,0.20,0.09,0.02,713.583,0.11
TS/Ph4,2006-02-15,13:00,0.0,19.695,0.59,-9999.000,4.21,0.94,0.22,0.05,842.500,0.72
TS/Ph5,2006-08-16,13:14,0.0,25.599,0.15,-9999.000,1.16,0.11,0.05,0.03,794.333,0.06
TS/Ph5,2006-01-09,13:15,0.0,31.664,0.16,-9999.000,12.46,6.21,0.21,0.10,943.333,6.00
TS/Ph4,2006-09-19,13:15,0.0,24.671,0.42,-9999.000,1.06,11.11,0.16,0.04,1551.667,10.95
TS/Ph5,2003-11-17,13:20,0.0,21.443,0.39,508.125,0.29,0.39,0.15,0.02,-9999.000,0.24
TS/Ph5,2004-12-15,13:22,0.0,32.147,0.12,705.750,2.93,6.82,0.28,0.02,-9999.000,6.55
TS/Ph4,2006-10-11,13:30,0.0,36.319,0.45,-9999.000,2.41,6.76,0.09,0.02,549.417,6.67
TS/Ph4,2003-11-17,13:35,0.0,20.676,0.13,435.417,0.72,7.37,0.08,0.02,512.333,7.29
TS/Ph4,2006-08-16,13:50,0.0,23.891,0.16,-9999.000,1.68,6.00,0.15,0.04,593.083,5.85
TS/Ph4,2006-01-09,14:15,0.0,39.654,0.56,-9999.000,,8.01,0.22,,740.917,7.79
TS/Ph4,2004-12-15,14:30,0.0,24.877,0.15,640.667,1.73,2.66,0.14,0.09,,2.52
TS/Ph4,1998-08-11,15:00,1.0,35.286,0.18,731.667,3.17,-9999.00,-9999.00,-9999.00,-9999.000,-9999.00
TS/Ph5,1998-08-11,15:00,1.0,36.786,0.45,1133.333,6.59,1.43,-9999.00,0.04,1066.667,-9999.00
TS/Ph4,1998-08-12,15:00,0.0,25.929,0.16,571.667,1.83,2.36,-9999.00,0.00,520.833,-9999.00
TS/Ph5,1998-08-12,15:00,0.0,48.286,0.13,858.333,2.79,-9999.00,-9999.00,0.00,826.667,-9999.00
TS/Ph4,1998-10-07,15:00,0.0,28.000,0.28,537.500,0.68,0.87,-9999.00,0.04,469.167,-9999.00
TS/Ph5,1998-10-07,15:00,0.0,44.286,0.19,833.333,1.88,0.50,-9999.00,-9999.00,768.333,-9999.00
TS/Ph4,1998-10-08,15:00,0.0,27.786,0.22,521.667,1.52,1.07,-9999.00,0.03,545.000,-9999.00
TS/Ph5,1998-10-08,15:00,0.0,44.571,0.13,778.333,2.01,-9999.00,-9999.00,-9999.00,810.833,-9999.00
TS/Ph4,1998-12-06,15:00,0.0,31.286,0.12,455.833,4.61,1.36,0.34,-9999.00,513.333,1.01
TS/Ph5,1998-12-06,15:00,0.0,40.000,-9999.00,652.500,3.62,0.71,0.39,-9999.00,694.167,0.33
TS/Ph4,1998-12-07,15:00,0.0,26.071,-9999.00,486.667,3.41,2.14,0.36,-9999.00,531.667,1.78
TS/Ph5,1998-12-07,15:00,0.0,43.929,-9999.00,643.333,3.62,1.57,0.44,0.03,772.500,1.14
TS/Ph4,1999-06-22,15:00,0.0,69.864,0.61,761.917,2.21,0.79,0.08,0.02,843.333,0.71
TS/Ph5,1999-06-22,15:00,1.0,48.286,0.83,1263.333,1.57,1.19,0.19,0.02,1328.333,1.00
TS/Ph4,1999-06-23,15:00,0.0,21.473,0.11,716.917,2.80,1.71,0.11,0.00,624.083,1.60
TS/Ph5,1999-06-23,15:00,0.0,38.214,0.90,970.833,1.42,4.52,0.20,0.01,1099.167,4.32
TS/Ph4,1999-08-09,15:00,0.0,23.643,0.06,744.250,0.70,0.10,0.09,0.01,687.000,0.01
TS/Ph5,1999-08-09,15:00,0.0,32.429,0.12,1315.000,1.32,0.20,0.16,0.03,1141.667,0.04
TS/Ph4,1999-08-10,15:00,0.0,25.571,0.08,811.250,1.28,0.17,0.17,0.03,860.000,0.00
TS/Ph5,1999-08-10,15:00,0.0,33.071,0.15,1102.500,4.72,0.30,0.24,0.02,1021.667,0.06
TS/Ph4,1999-10-27,15:00,0.0,29.266,0.22,571.583,2.93,3.44,0.19,0.06,574.500,3.25
TS/Ph5,1999-10-27,15:00,0.0,27.120,0.19,570.917,1.06,0.38,0.06,0.04,565.750,0.32
TS/Ph4,1999-10-28,15:00,0.0,26.851,0.28,590.667,0.65,0.40,0.06,0.02,536.667,0.35
TS/Ph5,1999-10-28,15:00,0.0,25.647,0.21,595.667,0.92,0.49,0.11,0.05,582.083,0.39
TS/Ph4,1999-12-01,15:00,0.0,23.410,0.27,600.333,1.54,3.17,0.06,0.03,548.000,3.11
TS/Ph5,1999-12-01,15:00,0.0,33.425,0.16,688.250,2.02,3.30,0.16,0.02,669.000,3.14
TS/Ph4,1999-12-02,15:00,0.0,37.073,0.13,662.083,2.47,3.71,0.17,0.02,636.833,3.54
TS/Ph5,1999-12-02,15:00,0.0,27.168,0.19,561.167,3.51,3.38,0.08,0.04,542.583,3.30
TS/Ph4,2000-07-10,15:00,0.0,23.285,0.35,892.500,1.64,,0.08,0.00,895.833,
TS/Ph5,2000-07-10,15:00,0.0,43.914,0.27,1152.500,2.35,0.39,0.13,0.01,2137.500,0.26
TS/Ph4,2000-07-11,15:00,0.0,21.986,0.20,724.875,1.10,0.10,0.02,0.02,732.417,0.08
TS/Ph5,2000-07-11,15:00,0.0,42.763,0.41,1133.333,2.33,0.49,0.15,0.00,1120.000,0.33
TS/Ph4,2000-08-28,15:00,0.0,21.021,0.31,704.250,5.26,3.97,0.83,0.05,646.167,3.14
TS/Ph5,2000-08-28,15:00,0.0,18.239,0.20,948.333,0.67,0.19,0.12,0.02,850.833,0.07
TS/Ph4,2000-08-29,15:00,0.0,23.556,0.19,734.750,9.23,,,0.03,661.667,
TS/Ph5,2000-08-29,15:00,0.0,17.079,0.26,937.500,1.52,0.16,0.09,0.03,781.417,0.07
TS/Ph4,2000-10-16,15:00,0.0,20.022,0.16,689.833,2.58,5.97,0.28,0.07,669.500,5.70
TS/Ph5,2000-10-16,15:00,0.0,14.803,0.15,758.667,0.79,0.23,0.08,0.07,680.500,0.15
TS/Ph4,2000-10-17,15:00,0.0,19.893,0.17,692.250,2.90,6.71,0.27,0.07,696.000,6.45
TS/Ph5,2000-10-17,15:00,0.0,16.117,0.16,866.667,0.96,0.28,0.09,0.07,741.917,0.19
TS/Ph5,2004-11-15,15:30,0.0,24.164,-9999.00,692.000,1.79,1.75,0.13,-9999.00,768.833,1.61
TS/Ph4,2004-11-15,16:20,0.0,26.124,0.15,657.833,0.69,8.31,0.15,0.06,657.833,8.16
TS/Ph4,1998-08-11,18:00,1.0,33.929,0.13,706.667,1.21,1.21,-9999.00,0.00,480.833,-9999.00
TS/Ph5,1998-08-11,18:00,1.0,61.429,0.22,1200.000,3.68,0.86,-9999.00,0.00,1208.333,-9999.00
TS/Ph4,1998-08-12,18:00,0.0,29.714,0.13,614.167,1.39,1.36,-9999.00,0.00,605.833,-9999.00
TS/Ph5,1998-08-12,18:00,0.0,47.500,-9999.00,841.667,2.36,0.86,-9999.00,0.00,745.833,-9999.00
TS/Ph4,1998-10-07,18:00,0.0,26.714,0.18,591.667,3.43,0.72,-9999.00,0.03,491.667,-9999.00
TS/Ph5,1998-10-07,18:00,0.0,43.857,0.14,850.000,2.15,-9999.00,-9999.00,0.04,773.333,-9999.00
TS/Ph4,1998-10-08,18:00,0.0,33.500,0.19,538.333,1.44,1.07,-9999.00,0.04,495.000,-9999.00
TS/Ph5,1998-10-08,18:00,0.0,50.214,0.13,858.333,2.72,0.71,-9999.00,-9999.00,751.667,-9999.00
TS/Ph4,1998-12-06,18:00,0.0,25.929,-9999.00,467.500,4.61,1.57,0.33,-9999.00,503.333,1.24
TS/Ph5,1998-12-06,18:00,0.0,42.429,-9999.00,630.000,3.62,0.86,0.34,0.03,620.833,0.51
TS/Ph4,1998-12-07,18:00,0.0,27.071,-9999.00,476.667,3.13,1.50,0.34,0.03,524.167,1.16
TS/Ph4,1999-08-09,18:00,0.0,21.500,0.04,750.917,1.14,0.08,0.08,0.02,705.750,0.00
TS/Ph5,1999-08-09,18:00,0.0,32.643,0.15,1034.167,1.94,0.54,0.19,0.01,1175.000,0.35
TS/Ph4,1999-08-10,18:00,0.0,25.071,0.08,850.833,1.84,0.31,0.12,0.03,785.500,0.19
TS/Ph5,1999-08-10,18:00,0.0,29.857,0.16,949.167,3.36,0.52,0.21,0.04,1067.500,0.31
TS/Ph4,1999-10-27,18:00,0.0,27.646,0.21,552.833,4.39,2.00,0.11,0.04,578.667,1.89
TS/Ph5,1999-10-27,18:00,0.0,25.878,0.21,591.083,0.82,0.38,0.06,0.07,546.333,0.33
TS/Ph4,1999-10-28,18:00,0.0,29.734,0.40,566.250,1.12,1.02,0.06,0.03,550.667,0.96
TS/Ph5,1999-10-28,18:00,0.0,26.221,0.18,592.917,1.07,0.36,0.09,0.05,550.083,0.27
TS/Ph4,1999-12-01,18:00,0.0,33.579,0.29,593.250,1.84,3.46,0.09,0.04,529.500,3.37
TS/Ph5,1999-12-01,18:00,0.0,31.896,0.18,687.500,1.59,3.37,0.19,0.05,641.500,3.18
TS/Ph4,1999-12-02,18:00,0.0,41.654,0.12,673.667,2.04,3.90,0.17,0.03,657.917,3.73
TS/Ph5,1999-12-02,18:00,0.0,30.546,0.17,570.333,2.06,3.55,0.07,0.02,535.167,3.47
TS/Ph4,2000-07-10,18:00,0.0,19.585,0.23,774.000,2.24,0.09,0.06,0.02,781.667,0.03
TS/Ph5,2000-07-10,18:00,0.0,41.546,0.21,1090.000,2.89,0.69,0.15,0.03,1164.167,0.53
TS/Ph4,2000-07-11,18:00,0.0,25.058,0.20,713.333,1.64,0.31,0.04,0.03,731.583,0.27
TS/Ph5,2000-07-11,18:00,0.0,45.886,0.20,1120.833,3.01,1.38,0.21,0.00,1136.667,1.16
TS/Ph4,2000-08-27,18:00,0.0,27.845,0.21,837.500,4.90,3.83,1.21,0.05,795.500,2.62
TS/Ph5,2000-08-27,18:00,0.0,19.673,0.28,1010.833,0.89,0.33,0.10,0.04,977.500,0.23
TS/Ph4,2000-08-28,18:00,0.0,25.265,0.24,717.875,5.16,3.00,1.10,0.05,623.417,1.90
TS/Ph5,2000-08-28,18:00,0.0,18.449,0.21,931.667,0.97,0.25,0.11,0.03,849.167,0.14
TS/Ph4,2000-10-15,18:00,0.0,22.325,0.22,654.333,3.38,6.74,0.47,0.06,638.083,6.27
TS/Ph5,2000-10-15,18:00,0.0,13.873,0.15,812.500,1.13,0.24,0.11,0.01,754.500,0.13
TS/Ph4,2000-10-16,18:00,0.0,22.049,0.20,696.750,-9999.00,-9999.00,-9999.00,-9999.00,-9999.000,-9999.00
TS/Ph5,2000-10-16,18:00,0.0,15.724,0.28,788.833,0.88,0.54,0.28,0.20,719.917,0.26
TS/Ph4,1999-06-22,19:00,0.0,26.553,0.43,750.000,2.96,0.89,0.07,0.01,734.667,0.82
TS/Ph5,1999-06-22,19:00,1.0,52.500,0.36,1195.000,1.49,1.80,0.30,0.05,1249.167,1.50
TS/Ph4,1999-06-23,19:00,0.0,21.128,0.30,726.583,3.19,1.32,0.09,0.01,712.750,1.23
TS/Ph5,1999-06-23,19:00,0.0,35.643,1.61,1020.000,1.14,3.69,0.22,0.01,1055.000,3.48
TS/Ph4,1998-08-11,21:00,1.0,35.286,0.14,680.833,1.44,0.93,-9999.00,0.00,489.167,-9999.00
TS/Ph5,1998-08-11,21:00,0.0,49.714,0.14,1183.333,2.53,-9999.00,-9999.00,-9999.00,-9999.000,-9999.00
TS/Ph4,1998-08-12,21:00,0.0,28.000,0.13,620.000,1.51,1.14,-9999.00,0.00,594.167,-9999.00
TS/Ph5,1998-08-12,21:00,0.0,50.143,-9999.00,891.667,3.05,0.86,-9999.00,0.00,841.667,-9999.00
TS/Ph4,1998-10-07,21:00,0.0,28.714,0.18,595.000,2.50,0.87,-9999.00,-9999.00,530.833,-9999.00
TS/Ph5,1998-10-07,21:00,0.0,45.929,0.13,850.000,1.73,0.56,-9999.00,0.07,712.500,-9999.00
TS/Ph4,1998-10-08,21:00,0.0,28.857,0.14,527.500,2.97,1.07,-9999.00,0.03,550.000,-9999.00
TS/Ph5,1998-10-08,21:00,0.0,43.286,0.13,814.167,1.60,0.43,-9999.00,0.03,762.500,-9999.00
TS/Ph4,1998-12-06,21:00,0.0,25.643,-9999.00,481.667,4.34,1.57,0.34,-9999.00,494.167,1.23
TS/Ph5,1998-12-06,21:00,0.0,38.214,-9999.00,680.833,3.48,0.86,0.39,0.04,633.333,0.46
TS/Ph4,1998-12-07,21:00,0.0,25.214,-9999.00,482.500,2.56,0.93,0.34,0.03,610.000,0.59
TS/Ph4,1999-08-09,21:00,0.0,21.714,0.04,659.250,1.97,1.31,0.13,0.02,633.417,1.18
TS/Ph5,1999-08-09,21:00,0.0,26.857,0.15,1022.500,2.13,0.73,0.19,0.01,1025.833,0.54
TS/Ph4,1999-08-10,21:00,0.0,26.786,0.06,855.000,3.12,0.06,0.06,0.00,836.667,0.00
TS/Ph5,1999-08-10,21:00,0.0,27.929,0.15,974.167,4.26,0.86,0.21,0.01,972.500,0.65
TS/Ph4,1999-10-27,21:00,0.0,32.839,0.22,560.750,4.90,1.70,0.10,0.04,583.333,1.60
TS/Ph5,1999-10-27,21:00,0.0,26.013,0.18,577.417,0.83,0.48,0.06,0.04,560.917,0.42
TS/Ph4,1999-10-28,21:00,0.0,29.442,0.23,577.583,2.35,1.19,0.06,0.01,554.000,1.13
TS/Ph5,1999-10-28,21:00,0.0,30.461,0.25,613.583,0.87,0.74,0.07,0.05,572.000,0.66
TS/Ph4,1999-12-01,21:00,0.0,34.535,0.43,573.417,2.09,3.96,0.07,0.00,455.833,3.89
TS/Ph5,1999-12-01,21:00,0.0,29.855,0.19,685.500,2.38,3.67,0.20,0.05,651.333,3.47
TS/Ph4,1999-12-02,21:00,0.0,40.374,0.12,681.000,2.04,4.06,0.19,0.01,631.833,3.87
TS/Ph5,1999-12-02,21:00,0.0,31.443,0.11,678.333,1.85,3.79,0.06,0.07,517.500,3.74
TS/Ph4,2000-07-10,21:00,0.0,18.347,0.19,697.750,1.09,0.08,0.04,0.02,739.000,0.04
TS/Ph5,2000-07-10,21:00,0.0,39.025,0.21,1169.583,3.72,0.78,0.11,0.03,1167.500,0.67
TS/Ph4,2000-07-11,21:00,0.0,20.134,0.20,940.000,0.51,0.12,0.03,0.02,702.750,0.09
TS/Ph5,2000-07-11,21:00,0.0,38.185,0.18,1084.167,2.75,0.95,0.19,0.02,1077.917,0.76
TS/Ph4,2000-08-27,21:00,0.0,25.293,0.25,757.333,5.47,3.75,0.95,0.04,660.167,2.80
TS/Ph5,2000-08-27,21:00,0.0,17.576,0.29,993.333,1.10,0.22,0.07,0.04,978.333,0.15
TS/Ph4,2000-08-28,21:00,0.0,19.946,0.23,714.833,7.95,3.26,0.89,0.05,630.500,2.37
TS/Ph5,2000-08-28,21:00,0.0,20.329,0.20,940.833,0.73,0.28,0.12,0.04,837.500,0.16
TS/Ph4,2000-10-15,21:00,0.0,20.921,0.22,658.792,3.16,6.43,0.63,0.08,626.917,5.80
TS/Ph5,2000-10-15,21:00,0.0,14.590,0.20,768.083,1.42,0.21,0.08,0.05,741.167,0.13
TS/Ph4,2000-10-16,21:00,0.0,19.417,0.15,664.333,2.40,8.66,0.31,0.03,648.000,8.35
TS/Ph5,2000-10-16,21:00,0.0,14.995,0.22,755.833,0.55,0.19,0.07,0.09,684.667,0.12
TS/Ph4,1999-06-22,23:00,0.0,22.047,0.73,765.333,3.69,0.42,0.09,0.00,729.250,0.33
TS/Ph5,1999-06-22,23:00,0.0,65.429,0.97,1186.667,2.37,2.07,0.27,0.05,1288.333,1.80
TS/Ph4,1999-06-23,23:00,0.0,22.021,0.28,755.750,4.35,1.04,0.12,0.03,709.417,0.92
TS/Ph5,1999-06-23,23:00,0.0,36.714,1.01,990.000,1.26,3.67,0.26,0.03,1095.000,3.41
TS/Ph5,2001-08-14,,0.0,30.781,0.04,753.417,1.52,0.31,0.13,0.00,796.500,0.18
TS/Ph4,2001-10-24,,0.0,31.459,0.28,507.250,2.57,8.70,0.50,0.02,503.167,8.20
TS/Ph5,2001-10-24,,0.0,20.564,0.12,511.250,0.85,0.18,0.04,0.03,515.000,0.14
TS/Ph4,2002-07-23,,0.0,24.864,0.13,495.167,3.32,3.38,0.21,0.04,498.500,3.17
TS/Ph5,2002-07-23,,0.0,20.350,0.12,633.250,0.84,0.19,0.09,0.04,656.417,0.10
TS/Ph4,2003-08-27,,0.0,36.207,0.09,441.500,1.46,4.19,0.14,0.03,477.417,4.05
