SITENAME,DATE,TIME,SALINITY,TN,TP,TOC,NH4,N&N,NO2,SRP,DOC,NO3
TS/PH1b,2001-08-13,-9999,0.0,40.755,0.33,-9999.000,30.14,9.98,1.29,0.03,-9999.000,8.69
TS/PH1b,2001-09-07,-9999,0.0,34.024,0.25,611.250,2.16,0.42,0.07,0.03,643.583,0.35
TS/PH1b,2001-10-19,-9999,0.0,44.696,0.12,741.750,10.15,6.74,0.27,0.01,742.167,6.47
TS/PH1b,2001-11-19,-9999,0.0,49.251,0.15,673.917,-9999.00,7.09,0.16,0.00,-9999.000,6.93
TS/PH1b,2001-12-06,-9999,0.0,41.732,0.10,950.000,3.25,4.80,0.28,0.00,963.333,4.52
TS/PH1b,2002-01-03,-9999,0.0,25.903,0.16,807.333,2.81,1.55,0.07,0.00,798.167,1.48
TS/PH1b,2002-07-19,11:36,0.0,20.748,-9999.00,505.750,1.44,0.46,0.15,0.00,-9999.000,0.31
TS/PH1b,2002-08-27,11:00,0.0,23.419,-9999.00,679.833,1.11,-9999.00,-9999.00,-9999.00,-9999.000,-9999.00
TS/PH1b,2002-09-26,12:00,0.0,34.026,0.12,774.333,1.23,0.16,0.13,0.03,-9999.000,0.03
TS/PH1a,2003-06-16,11:15,0.0,33.285,0.07,572.167,4.01,0.44,0.14,0.02,597.167,0.31
TS/PH1a,2003-07-22,10:00,0.0,31.202,-9999.00,609.833,6.74,1.99,0.34,0.03,621.417,1.65
TS/PH1a,2003-08-12,10:30,0.0,51.862,0.10,675.333,3.81,0.28,0.10,0.02,723.917,0.18
TS/PH1a,2003-09-03,13:45,0.0,28.844,0.10,642.917,3.54,0.63,0.09,0.01,621.417,0.54
TS/PH1a,2003-10-15,10:00,0.0,22.453,0.10,532.333,4.13,0.27,0.11,0.03,564.500,0.16
TS/PH1a,2003-11-12,11:34,0.0,26.932,0.44,536.500,2.90,1.14,0.11,-9999.00,593.250,1.02
TS/PH1a,2003-12-11,10:30,0.0,21.429,0.12,603.750,2.73,2.44,0.11,0.02,684.750,2.33
TS/PH1a,2004-08-19,10:30,0.0,27.192,0.20,658.667,0.62,3.90,-9999.00,0.05,587.750,1.93
TS/PH1a,2004-09-27,13:45,0.0,14.608,0.18,532.667,5.51,4.08,0.12,0.14,601.167,3.95
TS/PH1a,2004-10-18,09:25,0.0,21.515,0.11,595.167,3.58,1.87,0.16,0.04,708.250,1.71
TS/PH1a,2004-11-18,08:37,0.0,22.475,0.18,682.167,2.96,1.88,0.27,0.05,756.083,1.60
TS/PH1a,2005-07-27,13:45,0.0,14.931,0.34,740.667,3.16,1.60,0.21,0.07,-9999.000,1.39
TS/PH1a,2005-08-24,13:30,0.0,19.465,0.12,-9999.000,0.89,0.17,0.08,0.00,588.417,0.10
TS/PH1a,2005-09-27,12:30,0.0,32.683,0.17,-9999.000,3.03,0.70,0.06,0.03,566.375,0.64
TS/PH1a,2005-11-03,12:00,0.0,27.504,0.82,-9999.000,6.50,0.51,0.13,0.00,645.417,0.39
TS/PH1a,2005-12-21,13:40,0.0,19.764,0.26,-9999.000,5.17,2.16,0.21,0.00,806.667,1.96
TS/PH1a,2006-01-24,09:50,0.0,22.441,0.19,-9999.000,4.35,0.58,0.08,0.02,756.000,0.49
TS/PH1a,2006-08-24,09:45,0.0,24.439,0.19,-9999.000,2.41,1.90,0.20,0.00,582.583,1.70
TS/PH1a,2006-09-26,12:20,0.0,17.845,0.33,-9999.000,3.66,1.06,0.14,0.02,571.000,0.91
TS/PH1a,2007-07-16,13:30,0.0,18.721,0.20,-9999.000,1.32,0.28,0.13,0.01,527.833,0.15
TS/PH1a,2007-08-16,10:45,0.0,29.520,0.15,-9999.000,3.12,4.01,0.17,0.01,570.250,3.83
TS/PH1a,2007-10-10,11:30,0.0,31.409,0.28,-9999.000,7.06,2.01,0.20,0.03,615.000,1.82
TS/PH1a,2007-11-05,11:40,0.0,31.099,0.24,-9999.000,8.98,3.64,0.11,0.04,1076.500,3.53
TS/PH1a,2008-09-11,11:15,0.0,17.256,0.14,-9999.000,5.97,0.70,0.08,0.07,661.167,0.62
TS/PH1a,2008-10-08,09:50,0.0,17.946,0.23,-9999.000,4.52,1.43,0.13,0.03,734.333,1.30
TS/PH1a,2008-11-05,10:41,0.0,22.585,0.18,-9999.000,4.85,0.66,0.08,0.04,704.917,0.58
TS/PH1a,2008-12-08,08:20,0.0,25.804,0.12,-9999.000,8.68,0.68,0.05,0.04,720.083,0.63
TS/PH1a,2009-06-09,10:55,0.0,53.077,0.27,-9999.000,4.15,1.67,0.19,0.05,649.417,1.48
TS/PH1a,2009-07-08,10:15,0.0,30.115,0.08,-9999.000,6.41,0.38,0.11,0.10,647.833,0.26
TS/PH1a,2009-08-04,11:20,0.0,49.303,0.10,-9999.000,5.20,0.37,0.06,0.04,787.333,0.31
TS/PH1a,2009-09-14,11:00,0.0,40.126,0.21,-9999.000,4.94,1.50,0.12,0.02,891.667,1.38
TS/PH1a,2009-10-06,11:32,0.0,45.577,0.11,-9999.000,4.50,0.43,0.07,0.04,985.000,0.37
TS/PH1a,2009-12-14,10:15,0.0,177.974,0.22,-9999.000,4.54,5.68,0.42,0.03,778.417,5.26
TS/PH1a,2010-01-06,10:30,0.0,50.008,0.28,-9999.000,2.45,11.52,0.07,0.03,768.583,11.45
TS/PH1a,2010-06-08,10:45,0.0,43.820,0.26,-9999.000,1.59,0.72,0.13,0.04,875.000,0.60
TS/PH1a,2010-07-14,11:20,0.0,35.065,0.37,-9999.000,2.18,2.09,0.16,0.04,845.000,1.93
TS/PH1a,2010-08-10,01:40,0.0,86.681,0.17,-9999.000,6.38,0.57,0.09,0.06,854.167,0.49
TS/PH1a,2010-09-27,10:45,0.0,32.667,0.64,-9999.000,3.95,2.02,0.19,0.14,766.500,1.84
TS/PH1a,2010-10-12,09:45,0.0,29.395,0.13,-9999.000,5.43,2.37,0.29,0.03,785.000,2.08
TS/PH1a,2010-11-09,12:17,0.0,32.141,0.15,-9999.000,1.18,6.89,0.24,0.06,896.667,6.65
TS/PH1a,2011-09-15,11:23,0.0,33.325,0.50,-9999.000,1.32,0.20,0.05,0.09,679.333,0.15
TS/PH1a,2011-10-04,08:45,0.0,26.701,0.17,-9999.000,1.22,1.42,0.25,0.06,508.250,1.17
TS/PH1a,2011-11-03,14:00,0.0,24.644,-9999.00,-9999.000,0.14,2.27,0.14,0.11,660.500,2.14
TS/PH1a,2011-12-06,09:40,0.0,39.864,0.18,-9999.000,4.21,5.49,0.18,0.02,559.833,5.31
TS/PH1a,2012-05-09,10:00,0.0,35.556,0.42,-9999.000,1.01,0.60,0.10,0.02,653.583,0.50
TS/PH1a,2012-06-11,08:30,0.0,42.433,0.45,-9999.000,2.57,0.42,0.07,0.02,888.000,0.36
TS/PH1a,2012-07-09,10:50,0.0,36.858,0.29,-9999.000,5.99,0.95,0.09,0.02,717.500,0.86
TS/PH1a,2012-08-06,09:45,0.0,41.728,0.25,-9999.000,3.99,0.46,0.06,0.01,742.583,0.40
TS/PH1a,2012-09-06,11:30,0.0,40.168,0.28,-9999.000,3.47,0.49,0.06,0.07,793.000,0.43
TS/PH1a,2012-10-30,09:50,0.0,33.684,0.26,-9999.000,3.42,0.57,0.06,0.01,719.583,0.50
TS/PH1a,2012-11-14,10:45,0.0,32.506,0.23,-9999.000,3.84,0.33,0.06,0.09,739.750,0.28
TS/PH1a,2012-12-10,09:45,0.0,41.800,0.35,-9999.000,13.37,0.87,0.16,0.04,698.292,0.71
TS/PH1a,2013-01-03,11:20,0.0,33.251,0.30,-9999.000,-9999.00,-9999.00,-9999.00,-9999.00,-9999.000,-9999.00
TS/PH1a,2013-06-20,10:30,0.0,38.072,0.34,-9999.000,3.62,0.90,0.11,0.03,703.333,0.80
TS/PH1a,2013-07-18,10:30,0.0,61.695,0.18,-9999.000,3.75,0.84,0.06,0.07,646.667,0.77
TS/PH1a,2013-08-12,08:50,0.0,35.653,0.28,-9999.000,4.81,0.50,0.06,0.06,832.083,0.44
TS/PH1a,2013-09-12,12:15,0.0,35.568,0.23,-9999.000,3.95,0.82,0.12,0.03,863.333,0.70
TS/PH1a,2013-10-22,10:45,0.0,37.929,0.54,-9999.000,5.21,0.85,0.08,0.06,836.667,0.76
TS/PH1a,2013-12-04,10:38,0.0,37.300,0.29,-9999.000,5.93,1.09,0.14,0.01,789.167,0.95
TS/PH1a,2014-01-07,12:20,0.0,37.225,0.50,-9999.000,4.75,5.95,0.27,0.04,793.333,5.68
TS/PH1a,2014-08-01,12:10,0.0,29.912,0.55,-9999.000,5.13,0.98,0.15,0.02,733.750,0.83
TS/PH1a,2014-09-04,15:50,0.0,35.858,0.17,-9999.000,2.24,2.62,0.15,0.01,798.750,2.47
TS/PH1a,2014-10-15,13:20,0.0,37.733,0.54,-9999.000,5.04,1.24,0.14,0.04,741.583,1.11
TS/PH1a,2014-11-05,11:38,0.0,44.110,0.28,-9999.000,6.82,3.16,0.17,0.12,723.833,2.98
TS/PH1a,2014-12-03,11:15,0.0,39.995,0.26,-9999.000,2.33,8.82,0.24,0.02,707.000,8.58
TS/PH1a,2015-09-22,11:00,0.0,42.999,0.88,-9999.000,5.03,0.82,0.11,0.16,730.208,0.70
TS/PH1a,2015-10-20,9:12,0.0,39.913,0.53,-9999.000,3.57,4.49,0.24,0.02,840.000,4.25
TS/PH1a,2015-11-03,9:47,0.0,46.363,0.66,-9999.000,2.60,8.43,0.27,0.06,821.250,8.16
TS/PH1a,2015-12-02,10:15,0.0,32.506,0.48,-9999.000,1.02,3.01,0.09,0.04,864.167,2.92
TS/PH1a,2016-01-05,11:55,0.0,34.566,0.37,-9999.000,4.13,5.72,0.14,0.01,622.250,5.58
TS/PH1a,2016-02-03,11:15,0.0,30.650,0.20,-9999.000,2.89,2.11,0.05,0.02,618.750,2.05
TS/PH1a,2016-03-02,8:45,0.0,35.117,0.20,-9999.000,3.17,4.60,0.13,0.02,634.167,4.47
TS/PH1a,2016-04-06,9:55,0.0,34.395,0.27,-9999.000,1.37,7.20,0.14,0.07,679.750,7.06
TS/PH1a,2016-06-07,8:50,0.0,40.772,0.35,-9999.000,4.91,1.53,0.09,0.02,768.333,1.45
TS/PH1a,2016-07-06,10:25,0.0,38.243,0.29,-9999.000,2.53,1.87,0.09,0.02,870.833,1.79
TS/PH1a,2016-08-04,10:43,0.0,45.538,0.82,-9999.000,1.64,1.55,0.11,0.01,940.000,1.44
TS/PH1a,2016-09-08,8:30,0.0,40.197,0.18,-9999.000,4.72,1.22,0.08,0.08,819.833,1.14
TS/PH1a,2016-10-21,9:48,0.2,30.096,0.23,-9999.000,4.02,1.43,0.08,0.03,805.083,1.35
TS/PH1a,2016-11-03,7:12,0.2,28.327,0.01,-9999.000,3.59,1.63,0.08,0.04,766.250,1.55
TS/PH1a,2016-12-07,9:24,0.3,52.704,0.47,-9999.000,3.19,9.96,0.33,0.04,760.167,9.63
TS/PH1a,2017-01-04,9:25,0.3,43.821,0.82,-9999.000,0.76,11.84,0.13,0.16,746.083,11.71
TS/PH1a,2017-07-19,11:05,0.2,42.228,0.38,-9999.000,2.79,2.38,0.15,0.02,838.583,2.23
TS/PH1a,2017-08-02,9:45,0.3,39.278,0.70,-9999.000,4.16,3.23,0.18,0.06,851.667,3.05
TS/PH1a,2017-09-25,9:15,0.2,30.978,0.86,-9999.000,1.06,0.47,0.05,0.03,744.917,0.42
TS/PH1a,2017-10-11,8:11,0.2,34.837,0.66,-9999.000,1.60,1.50,0.08,-9999.00,789.000,1.43
TS/PH1a,2017-11-09,8:50,0.2,38.876,0.42,-9999.000,1.51,1.17,0.07,0.02,738.250,1.11
TS/PH1a,2017-12-06,9:20,0.2,24.517,0.58,-9999.000,2.47,1.05,0.04,0.02,701.167,1.02
TS/PH2,1999-09-13,12:00,0.0,25.070,0.10,742.167,1.22,0.27,0.07,0.01,659.917,0.20
TS/PH2,1999-09-14,00:00,0.0,24.295,0.09,811.917,1.65,0.30,0.06,0.02,690.667,0.24
TS/PH2,1999-09-14,12:00,0.0,28.412,0.26,801.417,0.79,0.28,0.11,0.01,667.417,0.17
TS/PH2,1999-09-15,00:00,0.0,30.497,0.19,807.250,0.67,0.17,0.06,0.00,716.500,0.11
TS/PH2,1999-09-15,12:00,0.0,26.145,0.15,848.333,0.51,0.16,0.05,0.02,673.667,0.11
TS/PH2,1999-09-16,00:00,0.0,26.758,0.15,835.000,0.48,0.18,0.07,0.03,719.250,0.11
TS/PH2,1999-09-16,12:00,0.0,29.055,0.17,852.500,0.55,0.15,0.06,0.03,716.083,0.08
TS/PH2,1999-09-17,00:00,0.0,31.441,0.18,875.000,0.52,0.28,0.07,0.02,717.333,0.21
TS/PH2,2001-08-13,-9999,0.0,46.437,0.09,660.500,1.02,0.22,0.08,0.00,682.833,0.13
TS/PH2,2001-09-07,-9999,0.0,28.667,0.12,536.250,2.42,0.33,0.06,0.04,565.667,0.27
TS/PH2,2001-10-19,-9999,0.0,28.918,0.09,770.000,0.80,0.27,0.04,0.01,738.167,0.23
TS/PH2,2001-11-21,-9999,0.0,37.768,0.11,598.917,1.63,0.27,0.02,0.00,693.667,0.25
TS/PH2,2001-12-06,-9999,0.0,31.546,0.12,741.333,1.21,0.19,0.09,0.00,779.333,0.11
TS/PH2,2002-01-03,-9999,0.0,28.351,-9999.00,749.917,3.63,0.29,0.05,-9999.00,765.000,0.24
TS/PH2,2002-02-12,09:00,0.0,42.755,-9999.00,667.833,9.52,0.81,0.09,0.02,658.250,0.72
TS/PH2,2002-07-24,-9999,0.0,20.684,-9999.00,548.917,1.01,0.45,0.10,0.00,-9999.000,0.35
TS/PH2,2002-08-27,09:00,0.0,37.836,-9999.00,659.083,1.60,0.09,0.08,-9999.00,765.667,0.01
TS/PH2,2002-09-26,10:30,0.0,28.839,0.15,646.667,0.65,0.21,0.05,0.02,-9999.000,0.16
TS/PH2,2002-10-29,10:30,0.0,26.755,0.06,652.583,7.37,1.11,0.13,0.02,731.167,0.98
TS/PH2,2002-11-26,10:00,0.0,29.952,0.16,548.542,6.69,1.05,0.11,0.02,588.000,0.94
TS/PH2,2002-12-18,08:30,0.0,39.108,0.05,1289.167,0.76,1.73,0.08,0.02,625.167,1.65
TS/PH2,2003-01-14,09:30,0.0,88.022,0.08,1028.333,4.30,2.69,0.21,0.00,631.500,2.48
TS/PH2,2003-02-11,08:30,0.0,-9999.000,0.87,548.000,-9999.00,1.13,0.11,-9999.00,549.083,1.02
TS/PH2,2003-03-11,11:00,0.0,65.685,0.74,-9999.000,1.68,0.53,0.09,0.03,625.875,0.44
TS/PH2,2003-04-10,08:30,0.0,29.159,0.13,604.000,0.30,0.43,0.04,0.05,558.000,0.39
TS/PH2,2003-05-12,10:00,0.0,28.473,-9999.00,591.250,0.52,0.17,0.07,0.01,598.333,0.10
TS/PH2,2003-06-16,10:00,0.0,35.544,0.16,576.667,1.15,0.22,0.08,-9999.00,611.333,0.14
TS/PH2,2003-07-22,08:10,0.0,31.469,0.12,674.458,1.12,0.59,0.09,0.02,711.167,0.50
TS/PH2,2003-08-12,09:00,0.0,54.186,0.06,667.667,1.33,0.15,0.07,0.02,695.583,0.08
TS/PH2,2003-09-03,12:45,0.0,34.072,0.10,749.083,2.70,5.42,0.07,0.01,733.250,5.35
TS/PH2,2003-10-15,08:00,0.0,30.050,0.10,638.667,1.84,0.31,0.06,0.04,679.167,0.25
TS/PH2,2003-11-12,08:00,0.0,29.386,0.27,558.417,1.55,0.34,0.07,0.03,591.750,0.27
TS/PH2,2003-12-11,08:00,0.0,25.442,0.07,527.250,0.99,0.55,0.06,0.01,576.042,0.49
TS/PH2,2004-01-29,-9999,0.0,22.700,0.17,493.750,7.81,1.26,0.09,-9999.00,-9999.000,1.17
TS/PH2,2004-08-19,08:37,0.0,24.961,0.13,597.250,0.87,0.45,0.05,0.04,604.000,0.40
TS/PH2,2004-09-27,08:30,0.0,47.441,0.23,525.000,2.22,0.30,0.06,0.01,580.292,0.24
TS/PH2,2004-10-18,12:00,0.0,20.828,0.06,367.750,0.38,0.27,0.04,0.01,419.167,0.23
TS/PH2,2004-11-18,13:37,0.0,17.984,0.18,528.000,1.21,0.47,0.12,0.02,597.000,0.35
TS/PH2,2004-12-03,12:25,0.0,21.579,0.06,568.833,0.93,1.05,0.23,0.08,-9999.000,0.82
TS/PH2,2005-01-20,14:00,0.0,23.786,0.07,528.833,2.05,4.96,0.12,0.03,-9999.000,4.84
TS/PH2,2005-07-27,11:30,0.0,18.442,0.19,793.667,1.31,0.18,0.09,0.09,-9999.000,0.09
TS/PH2,2005-08-24,15:00,0.0,25.354,0.13,-9999.000,0.94,5.92,0.21,0.01,653.583,5.72
TS/PH2,2005-09-27,11:45,0.0,50.554,0.10,-9999.000,1.69,0.26,0.03,0.01,613.750,0.23
TS/PH2,2005-11-03,14:30,0.0,37.667,1.05,-9999.000,1.97,0.31,0.09,0.02,717.583,0.21
TS/PH2,2005-12-21,12:35,0.0,17.335,0.32,-9999.000,2.30,0.43,0.05,0.02,794.750,0.37
TS/PH2,2006-01-24,12:30,0.0,21.773,0.22,-9999.000,2.25,7.99,0.12,0.03,795.583,7.87
TS/PH2,2006-02-23,11:45,0.0,18.241,0.23,-9999.000,8.39,0.78,0.06,0.07,505.417,0.72
TS/PH2,2006-03-14,10:50,0.0,15.799,0.23,-9999.000,4.22,1.26,0.13,0.04,478.417,1.13
TS/PH2,2006-07-12,12:31,0.0,20.696,-9999.00,-9999.000,0.55,0.24,0.03,0.01,646.417,0.22
TS/PH2,2006-08-24,11:40,0.0,22.113,0.12,-9999.000,1.88,0.19,0.07,0.00,630.500,0.13
TS/PH2,2006-09-26,14:35,0.0,13.650,0.25,-9999.000,1.24,0.28,0.05,0.02,521.000,0.23
TS/PH2,2006-10-18,11:00,0.0,33.259,0.41,-9999.000,7.21,0.67,0.12,0.04,556.167,0.55
TS/PH2,2006-11-10,12:20,0.0,15.690,0.17,-9999.000,5.43,1.01,0.06,0.02,517.833,0.95
TS/PH2,2006-12-18,10:01,0.0,26.275,0.15,-9999.000,11.29,6.20,0.84,0.02,780.083,5.36
TS/PH2,2007-07-16,11:25,0.0,24.130,0.44,-9999.000,3.07,9.28,0.41,0.04,694.000,8.86
TS/PH2,2007-08-06,15:00,0.0,54.513,0.18,-9999.000,0.78,0.12,0.05,0.01,508.500,0.07
TS/PH2,2007-09-19,08:37,0.0,24.926,0.30,-9999.000,1.58,0.93,0.10,0.03,515.583,0.83
TS/PH2,2007-10-10,11:45,0.0,27.122,0.19,-9999.000,2.21,0.47,0.06,0.00,497.833,0.41
TS/PH2,2007-11-05,14:45,0.0,24.577,0.16,-9999.000,0.85,0.72,0.05,0.15,580.167,0.67
TS/PH2,2007-12-10,13:30,0.0,-9999.000,-9999.00,-9999.000,-9999.00,0.32,0.10,0.06,710.000,0.22
TS/PH2,2008-07-23,11:30,0.0,21.798,0.08,-9999.000,1.15,0.05,0.02,0.02,595.417,0.03
TS/PH2,2008-08-06,12:34,0.0,19.796,0.19,-9999.000,1.78,0.15,0.01,0.02,467.583,0.14
TS/PH2,2008-09-22,09:45,0.0,20.543,0.20,-9999.000,1.66,0.27,0.11,0.06,765.250,0.17
TS/PH2,2008-10-08,09:00,0.0,17.283,0.15,-9999.000,1.16,0.13,0.05,0.05,750.250,0.08
TS/PH2,2008-11-05,08:35,0.0,23.067,0.13,-9999.000,1.31,0.23,0.06,0.02,691.500,0.17
TS/PH2,2008-12-08,09:15,0.0,22.565,0.12,-9999.000,2.43,0.43,0.03,0.06,554.833,0.40
TS/PH2,2009-01-14,08:40,0.0,46.486,0.10,-9999.000,2.26,1.76,0.07,0.05,760.917,1.70
TS/PH2,2009-02-09,10:05,0.0,59.109,0.27,-9999.000,26.76,0.36,0.07,0.05,430.458,0.29
TS/PH2,2009-06-03,13:00,0.0,45.399,0.14,-9999.000,1.82,0.42,0.10,0.10,521.083,0.32
TS/PH2,2009-07-08,08:30,0.0,45.626,0.11,-9999.000,1.05,0.03,0.07,0.04,579.500,-9999.00
TS/PH2,2009-08-04,10:20,0.0,43.763,0.09,-9999.000,1.05,0.08,0.04,0.03,803.417,0.04
TS/PH2,2009-09-14,09:10,0.0,110.481,0.18,-9999.000,1.32,0.19,0.03,0.01,850.000,0.15
TS/PH2,2009-10-06,09:10,0.0,44.032,0.27,-9999.000,15.42,0.78,0.07,0.01,845.833,0.71
TS/PH2,2009-11-24,08:15,0.0,43.543,0.31,-9999.000,9.77,1.74,0.18,0.03,778.667,1.55
TS/PH2,2009-12-14,08:50,0.0,101.591,0.18,-9999.000,2.69,0.48,0.03,0.02,610.833,0.45
TS/PH2,2010-01-06,13:30,0.0,33.285,0.21,-9999.000,6.47,1.26,0.03,0.01,665.917,1.23
TS/PH2,2010-02-17,11:30,0.0,33.261,0.11,-9999.000,3.29,0.21,0.04,0.02,598.167,0.17
TS/PH2,2010-03-08,10:40,0.0,63.791,0.26,-9999.000,4.61,0.27,0.05,0.02,483.083,0.22
TS/PH2,2010-04-05,10:05,0.0,65.790,0.19,-9999.000,2.26,0.41,0.05,0.06,420.417,0.36
TS/PH2,2010-05-25,08:50,0.0,45.250,0.28,-9999.000,1.49,0.16,0.05,0.04,791.375,0.12
TS/PH2,2010-06-08,11:35,0.0,60.360,0.21,-9999.000,1.17,0.13,0.06,0.02,980.833,0.06
TS/PH2,2010-07-14,13:45,0.0,44.993,0.11,-9999.000,1.05,0.23,0.08,0.04,845.000,0.15
TS/PH2,2010-08-10,14:50,0.0,183.626,0.15,-9999.000,0.74,0.16,0.06,0.04,716.833,0.10
TS/PH2,2010-09-27,12:30,0.0,38.043,0.10,-9999.000,1.10,0.27,0.08,0.06,722.417,0.19
TS/PH2,2010-10-12,11:00,0.0,28.560,0.13,-9999.000,1.07,0.36,0.08,0.02,710.917,0.28
TS/PH2,2010-11-09,09:00,0.0,38.698,0.10,-9999.000,5.39,0.81,0.06,0.06,677.250,0.75
TS/PH2,2010-12-08,09:15,0.0,23.774,0.11,-9999.000,8.16,0.59,0.04,0.05,464.833,0.55
TS/PH2,2011-01-26,12:00,0.0,43.787,0.19,-9999.000,1.21,0.54,0.11,0.03,447.417,0.44
TS/PH2,2011-02-09,09:15,0.0,20.772,0.21,-9999.000,1.23,0.91,0.11,0.02,558.417,0.80
TS/PH2,2011-07-20,12:30,0.0,24.996,0.17,-9999.000,0.95,0.08,0.01,0.02,563.917,0.07
TS/PH2,2011-08-10,15:00,0.0,22.702,0.16,-9999.000,0.66,0.29,0.04,-9999.00,395.833,0.25
TS/PH2,2011-09-15,13:44,0.0,29.016,0.30,-9999.000,1.54,3.09,0.22,0.06,473.583,2.87
TS/PH2,2011-10-04,11:15,0.0,19.917,0.12,-9999.000,1.27,0.29,0.05,0.04,406.750,0.24
TS/PH2,2011-11-03,14:55,0.0,18.149,0.12,-9999.000,5.88,0.29,0.07,0.03,511.500,0.22
TS/PH2,2011-12-06,11:45,0.0,30.933,0.17,-9999.000,0.83,0.70,0.05,0.04,467.750,0.65
TS/PH2,2012-01-04,14:10,0.0,29.206,0.22,-9999.000,4.01,0.77,0.06,0.03,450.333,0.71
TS/PH2,2012-05-09,08:30,0.0,26.463,0.15,-9999.000,0.93,0.59,0.06,0.03,448.500,0.53
TS/PH2,2012-06-11,06:45,0.0,-9999.000,0.23,-9999.000,1.75,0.24,0.04,0.06,561.833,0.19
TS/PH2,2012-07-09,11:45,0.0,32.435,0.23,-9999.000,1.17,0.34,0.06,0.03,772.667,0.28
TS/PH2,2012-08-06,08:45,0.0,45.322,0.17,-9999.000,3.65,0.53,0.06,0.02,729.167,0.47
TS/PH2,2012-09-06,12:30,0.0,37.797,0.17,-9999.000,0.78,0.32,0.04,0.01,845.833,0.28
TS/PH2,2012-10-30,12:30,0.0,30.505,0.15,-9999.000,1.62,0.22,0.04,0.01,647.208,0.18
TS/PH2,2012-11-14,12:00,0.0,25.877,0.17,-9999.000,1.56,0.13,0.03,0.05,650.250,0.10
TS/PH2,2012-12-10,11:56,0.0,22.464,0.21,-9999.000,1.72,0.33,0.04,0.03,609.083,0.29
TS/PH2,2013-01-03,12:45,0.0,29.454,0.19,-9999.000,-9999.00,-9999.00,-9999.00,-9999.00,-9999.000,-9999.00
TS/PH2,2013-02-12,12:00,0.0,39.824,0.86,-9999.000,14.60,0.62,0.10,0.04,445.667,0.52
TS/PH2,2013-05-14,10:10,0.0,17.064,0.17,-9999.000,0.47,0.11,0.04,0.01,451.083,0.07
TS/PH2,2013-06-20,14:15,0.0,35.759,0.52,-9999.000,1.42,0.04,0.03,0.04,550.167,0.02
TS/PH2,2013-07-18,12:56,0.0,25.142,0.44,-9999.000,0.57,0.07,0.03,0.11,548.333,0.05
TS/PH2,2013-08-12,10:00,0.0,35.609,0.22,-9999.000,0.96,0.15,0.04,0.02,842.500,0.12
TS/PH2,2013-09-12,14:00,0.0,34.450,0.14,-9999.000,1.22,0.45,0.11,0.03,788.917,0.34
TS/PH2,2013-10-23,07:58,0.0,39.415,0.37,-9999.000,1.78,0.47,0.06,0.02,857.500,0.41
TS/PH2,2013-11-18,10:30,0.0,32.019,0.23,-9999.000,5.21,0.88,0.08,0.02,605.167,0.80
TS/PH2,2013-12-04,11:52,0.0,32.192,0.16,-9999.000,2.14,0.58,0.13,0.03,658.667,0.45
TS/PH2,2014-01-09,14:50,0.0,25.195,0.08,-9999.000,3.38,1.42,0.10,0.06,781.958,1.32
TS/PH2,2014-02-17,12:50,0.0,26.833,0.17,-9999.000,1.70,0.72,0.06,-9999.00,589.250,0.66
TS/PH2,2014-03-18,2:30,0.0,21.984,0.49,-9999.000,6.39,3.12,0.35,0.05,467.083,2.77
TS/PH2,2014-07-21,12:20,0.0,25.109,0.54,-9999.000,0.50,0.18,0.05,0.12,641.250,0.13
TS/PH2,2014-08-08,8:45,0.0,25.849,0.13,-9999.000,0.71,0.18,0.06,0.06,548.083,0.12
TS/PH2,2014-09-29,8:35,0.0,22.037,0.21,-9999.000,1.66,0.87,0.06,0.08,703.917,0.81
TS/PH2,2014-10-15,12:05,0.0,44.348,0.46,-9999.000,1.12,0.27,0.06,0.03,618.833,0.21
TS/PH2,2014-11-13,9:25,0.0,31.181,0.19,-9999.000,1.92,0.70,0.05,0.02,637.417,0.65
TS/PH2,2014-12-03,9:25,0.0,31.154,0.15,-9999.000,1.33,1.14,0.12,0.05,689.250,1.02
TS/PH2,2015-01-07,14:00,0.0,26.043,0.09,-9999.000,4.53,2.94,0.17,0.03,623.917,2.77
TS/PH2,2015-06-15,13:31,0.0,15.338,0.30,-9999.000,0.72,0.26,0.15,0.03,632.583,0.11
TS/PH2,2015-07-22,10:15,0.0,21.499,0.29,-9999.000,1.12,0.51,0.05,0.06,484.833,0.46
TS/PH2,2015-08-19,9:55,0.0,14.083,0.17,-9999.000,0.67,0.31,0.09,0.02,545.000,0.22
TS/PH2,2015-09-22,12:15,0.0,31.744,0.14,-9999.000,0.98,0.34,0.07,0.03,481.167,0.27
TS/PH2,2015-10-20,10:19,0.0,27.717,0.22,-9999.000,2.06,0.72,0.07,0.03,549.250,0.65
TS/PH2,2015-11-10,11:27,0.0,29.429,0.28,-9999.000,3.02,2.56,0.21,0.13,573.250,2.35
TS/PH2,2015-11-08,10:53,0.0,16.570,0.09,-9999.000,0.61,0.32,0.04,0.01,338.333,0.28
TS/PH2,2016-01-05,12:55,0.0,27.354,0.20,-9999.000,1.51,0.69,0.03,0.01,541.250,0.66
TS/PH2,2016-02-10,9:19,0.0,22.969,0.47,-9999.000,0.41,0.21,0.02,0.01,510.917,0.19
TS/PH2,2016-03-09,12:30,0.0,24.688,0.31,-9999.000,1.26,0.37,0.02,0.04,602.417,0.34
TS/PH2,2016-04-13,11:15,0.0,34.236,0.13,-9999.000,0.63,0.48,0.04,0.01,705.833,0.44
TS/PH2,2016-05-11,12:34,0.0,36.346,0.33,-9999.000,1.46,0.20,0.07,0.02,815.500,0.13
TS/PH2,2016-06-08,10:07,0.0,48.890,0.20,-9999.000,1.44,0.60,0.05,0.05,927.500,0.55
TS/PH2,2016-07-06,7:55,0.0,50.015,0.22,-9999.000,3.35,2.05,0.09,0.08,936.667,1.96
TS/PH2,2016-08-04,11:05,0.0,43.497,0.59,-9999.000,1.78,0.44,0.07,0.04,734.250,0.37
TS/PH2,2016-09-01,12:58,0.2,40.591,0.11,-9999.000,0.01,0.01,0.01,0.01,819.250,0.00
TS/PH2,2016-10-04,10:20,0.2,48.658,0.11,-9999.000,1.77,0.78,0.07,0.04,780.500,0.71
TS/PH2,2016-11-01,12:07,0.2,28.968,0.26,-9999.000,2.29,0.49,0.05,0.03,674.500,0.43
TS/PH2,2016-12-06,9:44,0.3,47.994,0.21,-9999.000,4.78,3.66,0.07,0.00,770.917,3.59
TS/PH2,2017-01-03,12:30,0.3,42.192,0.30,-9999.000,6.64,2.28,0.12,0.01,643.083,2.16
TS/PH2,2017-02-01,11:01,0.2,26.580,0.03,-9999.000,6.12,0.63,0.06,0.02,436.833,0.57
TS/PH2,2017-03-01,11:20,0.2,24.277,0.24,-9999.000,1.16,1.53,0.04,0.00,366.667,1.50
TS/PH2,2017-04-05,9:30,0.2,20.498,-9999.00,-9999.000,1.14,0.14,0.04,0.01,430.500,0.10
TS/PH2,2017-05-03,11:48,0.2,25.652,-9999.00,-9999.000,0.22,0.29,0.02,0.01,480.750,0.27
TS/PH2,2017-06-08,9:00,0.2,104.846,0.40,-9999.000,2.69,-9999.00,-9999.00,0.05,551.333,-9999.00
TS/PH2,2017-07-19,8:00,0.2,33.872,0.24,-9999.000,0.64,0.15,0.03,0.01,666.417,0.12
TS/PH2,2017-08-09,11:15,0.2,45.009,0.59,-9999.000,0.48,0.25,0.04,0.01,746.667,0.21
TS/PH2,2017-10-02,7:54,0.2,32.444,0.41,-9999.000,1.10,0.21,0.04,0.04,771.000,0.17
TS/PH2,2017-11-08,12:30,0.2,36.613,0.27,-9999.000,0.97,0.32,0.04,0.03,697.250,0.27
TS/PH2,2017-12-05,11:20,0.2,25.815,0.51,-9999.000,1.02,0.34,0.03,-9999.00,731.083,0.31
TS/PH3,2001-08-14,-9999,0.0,60.127,0.10,1097.500,1.18,0.25,0.13,0.00,1091.667,0.12
TS/PH3,2001-09-26,-9999,0.0,20.975,0.14,754.417,1.70,0.14,0.07,0.03,774.667,0.07
TS/PH3,2001-10-22,-9999,0.0,40.951,0.05,567.417,1.26,0.18,0.04,0.00,543.167,0.14
TS/PH3,2001-11-16,-9999,0.0,38.959,0.12,537.583,3.53,0.58,0.05,0.01,-9999.000,0.53
TS/PH3,2001-12-05,-9999,0.0,27.725,0.10,665.417,1.20,1.16,0.00,0.04,698.917,1.16
TS/PH3,2002-01-04,10:00,0.0,32.270,-9999.00,677.000,6.28,0.75,0.08,-9999.00,811.583,0.67
TS/PH3,2002-02-07,-9999,0.0,46.792,-9999.00,794.500,3.12,5.81,0.16,-9999.00,794.167,5.65
TS/PH3,2002-07-05,09:30,0.0,25.041,0.04,580.500,1.52,0.41,0.11,0.00,-9999.000,0.30
TS/PH3,2002-08-02,10:00,0.0,37.386,-9999.00,731.167,0.95,0.15,0.09,-9999.00,-9999.000,0.06
TS/PH3,2002-09-06,10:00,0.0,26.198,0.08,620.167,1.19,0.32,0.06,0.02,-9999.000,0.26
TS/PH3,2002-10-24,09:00,0.0,39.107,0.05,825.000,0.91,0.26,0.09,0.01,-9999.000,0.17
TS/PH3,2002-11-13,15:00,0.0,29.196,0.05,955.000,4.59,1.57,0.12,0.01,985.000,1.45
TS/PH3,2002-12-12,10:30,0.0,55.987,0.10,877.500,3.99,5.69,0.21,0.05,905.833,5.48
TS/PH3,2003-01-17,11:40,0.0,44.848,0.07,774.667,9.59,15.73,0.11,0.01,761.583,15.62
TS/PH3,2003-02-06,10:30,0.0,43.097,0.10,797.833,-9999.00,14.92,0.27,0.01,812.167,14.65
TS/PH3,2003-05-16,09:30,0.0,50.584,-9999.00,930.000,3.77,0.69,0.07,-9999.00,940.833,0.62
TS/PH3,2003-06-12,09:30,0.0,37.725,0.13,854.167,1.11,0.49,0.11,0.02,864.167,0.38
TS/PH3,2003-07-02,09:30,0.0,40.085,0.11,897.500,2.29,0.35,0.09,0.06,894.167,0.26
TS/PH3,2003-08-15,09:00,0.0,69.276,0.09,1182.500,3.67,1.32,0.12,0.00,949.167,1.20
TS/PH3,2003-09-05,09:00,0.0,31.130,0.09,750.750,2.24,0.66,0.11,0.01,769.583,0.55
TS/PH3,2003-10-20,10:00,0.0,31.465,0.06,729.083,1.36,0.10,0.10,-9999.00,705.000,0.00
TS/PH3,2003-11-06,09:30,0.0,21.888,0.10,402.167,1.43,0.78,0.10,0.00,398.167,0.68
TS/PH3,2003-12-15,09:08,0.0,23.799,0.09,596.000,4.17,2.90,0.09,0.02,649.500,2.81
TS/PH3,2004-01-22,13:00,0.0,36.369,0.09,677.250,32.58,9.21,0.18,0.01,773.833,9.03
TS/PH3,2004-08-18,09:55,0.0,59.487,0.17,1528.333,2.39,1.62,0.10,0.09,1492.500,1.52
TS/PH3,2004-09-28,11:40,0.0,27.059,0.16,859.167,1.19,2.29,0.05,0.09,913.333,2.24
TS/PH3,2004-10-25,12:00,0.0,26.416,0.06,707.000,0.75,1.55,0.07,0.02,749.500,1.48
TS/PH3,2004-11-11,10:50,0.0,20.725,0.09,703.250,0.73,0.45,0.11,0.05,809.000,0.34
TS/PH3,2004-12-15,12:02,0.0,23.617,0.06,657.667,2.68,7.18,0.22,0.05,-9999.000,6.96
TS/PH3,2005-06-16,10:45,0.0,43.111,0.11,-9999.000,2.34,1.50,0.18,0.05,818.167,1.32
TS/PH3,2005-07-20,09:15,0.0,16.691,0.10,926.667,1.03,0.19,0.08,0.06,-9999.000,0.12
TS/PH3,2005-08-17,09:05,0.0,26.011,0.14,-9999.000,1.63,0.30,0.11,0.02,685.917,0.19
TS/PH3,2005-09-14,11:20,0.0,28.073,0.08,-9999.000,1.32,0.27,0.04,0.03,543.000,0.23
TS/PH3,2005-10-13,09:05,0.0,32.609,0.93,-9999.000,2.98,0.11,0.07,0.01,620.167,0.04
TS/PH3,2005-11-18,11:10,0.0,15.088,0.17,-9999.000,1.54,0.79,0.11,0.05,694.500,0.68
TS/PH3,2005-12-20,10:30,0.0,20.776,0.19,-9999.000,5.12,3.31,0.11,0.01,862.500,3.20
TS/PH3,2006-01-09,10:50,0.0,24.952,0.21,-9999.000,8.29,7.98,0.09,0.04,735.250,7.90
TS/PH3,2006-02-15,09:45,0.0,43.139,0.22,-9999.000,24.91,10.34,0.17,0.02,1164.167,10.16
TS/PH3,2006-03-16,09:41,0.0,30.628,0.24,-9999.000,14.28,0.19,0.08,0.02,1097.500,0.11
TS/PH3,2006-08-16,10:31,0.0,32.067,0.18,-9999.000,8.31,0.41,0.12,0.03,788.583,0.29
TS/PH3,2006-09-19,10:00,0.0,20.453,0.38,-9999.000,1.72,0.24,0.06,0.03,796.667,0.18
TS/PH3,2006-10-11,09:20,0.0,48.488,0.46,-9999.000,2.54,0.22,0.09,0.05,737.250,0.13
TS/PH3,2006-11-15,10:00,0.0,25.423,0.16,-9999.000,2.87,1.30,0.05,0.01,838.333,1.25
TS/PH3,2006-12-19,09:30,0.0,51.027,0.33,-9999.000,20.27,1.52,0.16,0.02,847.542,1.36
TS/PH3,2007-07-17,09:20,0.0,47.307,0.11,-9999.000,1.09,0.31,0.06,0.03,795.333,0.25
TS/PH3,2007-08-06,09:15,0.0,127.402,0.42,-9999.000,4.27,0.39,0.06,0.02,830.000,0.32
TS/PH3,2007-09-18,12:10,0.0,48.037,0.17,-9999.000,3.21,0.54,0.09,0.00,1017.500,0.46
TS/PH3,2007-10-09,-9999,0.0,35.538,0.08,-9999.000,-9999.00,-9999.00,-9999.00,-9999.00,-9999.000,-9999.00
TS/PH3,2007-11-08,09:40,0.0,36.026,0.20,-9999.000,3.29,0.89,0.05,0.06,766.833,0.84
TS/PH3,2007-12-19,09:20,0.0,38.853,0.10,-9999.000,36.33,2.20,0.11,0.05,638.167,2.09
TS/PH3,2008-01-09,09:30,0.0,20.195,0.12,-9999.000,8.24,1.61,0.08,0.02,403.917,1.53
TS/PH3,2008-07-16,11:10,0.0,33.986,0.26,-9999.000,2.60,0.18,0.04,0.03,1235.833,0.14
TS/PH3,2008-08-05,10:20,0.0,36.393,0.18,-9999.000,2.42,0.21,0.08,0.03,1481.667,0.14
TS/PH3,2008-09-23,11:16,0.0,19.661,0.14,-9999.000,-9999.00,-9999.00,-9999.00,-9999.00,-9999.000,-9999.00
TS/PH3,2008-10-07,11:04,0.0,23.620,0.15,-9999.000,1.30,0.12,0.05,0.02,718.667,0.07
TS/PH3,2008-11-06,10:45,0.0,24.084,0.35,-9999.000,1.12,0.45,0.07,0.01,660.750,0.37
TS/PH3,2008-12-15,09:20,0.0,33.464,0.11,-9999.000,3.69,3.21,0.06,0.05,662.417,3.15
TS/PH3,2009-01-06,09:50,0.0,30.994,0.11,-9999.000,6.33,3.55,0.05,0.06,738.083,3.50
TS/PH3,2009-02-12,10:00,0.0,94.049,0.21,-9999.000,8.45,6.10,0.30,0.01,829.000,5.80
TS/PH3,2009-06-11,10:05,0.0,71.975,0.14,-9999.000,2.21,0.25,0.08,0.04,951.667,0.17
TS/PH3,2009-07-14,09:12,0.0,207.086,0.13,-9999.000,1.85,0.28,0.06,0.02,920.833,0.23
TS/PH3,2009-08-13,09:40,0.0,55.624,0.13,-9999.000,1.39,0.26,0.06,0.04,951.667,0.20
TS/PH3,2009-09-08,09:35,0.0,185.688,0.12,-9999.000,1.31,0.41,0.07,0.03,788.000,0.35
TS/PH3,2009-10-07,09:30,0.0,48.348,0.21,-9999.000,3.27,3.27,0.08,0.03,894.167,0.64
TS/PH3,2009-11-16,09:15,0.0,45.915,0.37,-9999.000,3.25,1.34,0.06,0.02,782.000,1.29
TS/PH3,2009-12-02,12:38,0.0,47.697,0.08,-9999.000,1.57,0.36,0.05,0.06,723.417,0.31
TS/PH3,2010-01-21,10:45,0.0,81.835,0.17,-9999.000,16.09,3.12,0.06,0.04,688.250,3.06
TS/PH3,2010-02-11,11:07,0.0,50.757,0.10,-9999.000,6.47,1.91,0.07,0.01,709.583,1.84
TS/PH3,2010-03-19,11:15,0.0,153.120,0.32,-9999.000,12.99,2.69,0.11,0.03,772.750,2.58
TS/PH3,2010-04-09,11:30,0.0,199.206,0.20,-9999.000,9.56,0.33,0.10,0.02,932.500,0.23
TS/PH3,2010-05-06,10:00,0.0,49.852,0.12,-9999.000,32.85,0.21,0.19,0.04,1323.333,0.02
TS/PH3,2010-06-24,09:35,0.0,75.222,0.15,-9999.000,3.02,0.46,0.14,0.05,1100.000,0.32
TS/PH3,2010-07-09,09:45,0.0,54.014,0.08,-9999.000,2.77,0.31,0.10,0.03,1012.500,0.21
TS/PH3,2010-08-12,09:45,0.0,29.619,0.09,-9999.000,1.79,0.15,0.09,0.05,910.000,0.06
TS/PH3,2010-09-01,09:45,0.0,43.283,0.10,-9999.000,1.67,0.15,0.05,0.03,754.167,0.10
TS/PH3,2010-10-06,10:05,0.0,21.222,0.07,-9999.000,1.11,0.22,0.10,0.02,596.417,0.12
TS/PH3,2010-11-23,11:45,0.0,32.664,1.26,-9999.000,2.15,0.79,0.06,0.07,704.333,0.73
TS/PH3,2010-12-20,12:30,0.0,63.926,0.09,-9999.000,40.19,2.28,0.11,0.04,748.667,2.17
TS/PH3,2011-01-20,10:25,0.0,72.755,0.09,-9999.000,9.77,1.83,0.16,0.02,555.083,1.67
TS/PH3,2011-02-04,11:30,0.0,51.982,0.15,-9999.000,2.15,0.37,0.06,0.04,589.667,0.31
TS/PH3,2011-03-01,09:50,0.0,91.335,0.17,-9999.000,13.19,0.16,0.11,0.04,762.333,0.05
TS/PH3,2011-07-12,08:25,0.0,93.122,0.11,-9999.000,2.54,1.16,0.19,0.00,1575.000,0.97
TS/PH3,2011-08-01,13:00,0.0,58.237,0.11,-9999.000,-9999.00,0.47,0.10,0.05,1479.167,0.37
TS/PH3,2011-09-21,09:35,0.0,41.247,0.12,-9999.000,1.27,0.33,0.04,0.01,763.000,0.29
TS/PH3,2011-10-13,09:40,0.0,25.147,0.08,-9999.000,0.63,0.17,0.04,0.31,641.583,0.13
TS/PH3,2011-11-02,09:45,0.0,18.822,0.09,-9999.000,2.03,0.52,0.05,0.17,500.500,0.47
TS/PH3,2011-12-01,14:20,0.0,31.129,0.11,-9999.000,2.10,1.77,0.07,0.03,440.750,1.70
TS/PH3,2012-01-05,12:05,0.0,37.069,0.12,-9999.000,4.78,0.46,0.08,0.18,571.125,0.39
TS/PH3,2012-02-10,08:55,0.0,77.770,0.42,-9999.000,22.47,1.89,0.22,0.04,1018.333,1.67
TS/PH3,2012-03-02,11:40,0.0,71.868,0.16,-9999.000,6.07,0.09,0.09,0.03,900.833,0.00
TS/PH3,2012-05-10,13:00,0.0,-9999.000,-9999.00,-9999.000,1.11,0.17,0.06,0.02,985.833,0.11
TS/PH3,2012-06-13,11:25,0.0,45.132,0.22,-9999.000,1.14,0.17,0.07,0.03,892.167,0.10
TS/PH3,2012-07-12,09:35,0.0,36.879,0.20,-9999.000,1.47,0.37,0.06,0.18,546.750,0.31
TS/PH3,2012-08-01,10:20,0.0,48.214,0.22,-9999.000,1.83,0.28,0.05,0.01,817.417,0.23
TS/PH3,2012-09-13,13:00,0.0,49.362,0.09,-9999.000,1.60,0.53,0.13,0.01,826.750,0.39
TS/PH3,2012-10-11,10:40,0.0,56.686,0.16,-9999.000,3.23,0.56,0.12,0.01,804.750,0.44
TS/PH3,2012-11-03,10:15,0.0,43.964,0.12,-9999.000,3.55,0.15,0.08,0.03,800.083,0.07
TS/PH3,2012-12-04,11:15,0.0,41.685,0.12,-9999.000,6.98,0.69,0.08,0.04,1808.333,0.61
TS/PH3,2013-01-08,11:00,0.0,-9999.000,-9999.00,-9999.000,-9999.00,-9999.00,-9999.00,-9999.00,-9999.000,-9999.00
TS/PH3,2013-02-14,12:00,0.0,108.480,0.13,-9999.000,42.88,0.20,0.10,0.03,992.500,0.11
TS/PH3,2013-03-15,10:30,0.0,173.637,0.23,-9999.000,63.13,0.51,0.14,0.02,1290.000,0.37
TS/PH3,2013-04-18,09:35,0.0,136.382,0.16,-9999.000,29.06,0.16,0.13,0.02,1281.667,0.02
TS/PH3,2013-05-03,12:40,0.0,129.915,0.18,-9999.000,23.08,3.96,0.24,0.18,1106.667,3.72
TS/PH3,2013-06-11,09:15,0.0,44.447,0.13,-9999.000,2.50,0.30,0.12,0.02,663.917,0.18
TS/PH3,2013-07-01,08:45,0.0,54.901,0.18,-9999.000,3.66,0.28,0.12,0.00,755.917,0.16
TS/PH3,2013-08-13,09:15,0.0,-9999.000,-9999.00,-9999.000,3.85,0.33,0.06,0.03,717.625,0.27
TS/PH3,2013-09-17,09:45,0.0,48.223,0.13,-9999.000,19.83,1.17,0.21,0.02,699.500,0.96
TS/PH3,2013-10-24,09:05,0.0,41.710,0.31,-9999.000,4.54,0.38,0.09,0.02,813.833,0.29
TS/PH3,2013-11-06,10:05,0.0,55.915,0.10,-9999.000,8.60,1.02,0.14,0.02,870.000,0.88
TS/PH3,2013-12-05,09:20,0.0,34.923,0.10,-9999.000,3.41,0.44,0.06,0.01,680.917,0.38
TS/PH3,2014-01-09,11:00,0.0,63.771,0.07,-9999.000,45.77,0.87,0.15,0.06,838.333,0.73
TS/PH3,2014-02-12,09:00,0.0,45.090,0.39,-9999.000,15.35,0.27,0.08,0.10,779.583,0.18
TS/PH3,2014-03-20,09:45,0.0,54.274,-9999.00,-9999.000,28.65,0.54,0.11,0.08,969.167,0.43
TS/PH3,2014-06-26,11:40,0.0,110.188,-9999.00,-9999.000,26.05,7.02,0.99,0.09,1630.000,6.04
TS/PH3,2014-07-22,09:41,0.0,32.043,0.09,-9999.000,1.33,0.36,0.09,0.04,779.167,0.27
TS/PH3,2014-08-12,09:50,0.0,40.076,0.19,-9999.000,2.29,0.31,0.08,0.02,901.667,0.23
TS/PH3,2014-09-25,09:30,0.0,28.955,0.14,-9999.000,-9999.00,-9999.00,-9999.00,-9999.00,-9999.000,-9999.00
TS/PH3,2014-10-16,10:00,0.0,47.623,0.14,-9999.000,2.74,0.41,0.12,0.02,830.833,0.29
TS/PH3,2014-11-12,09:25,0.0,45.441,0.11,-9999.000,3.33,0.81,0.11,0.00,734.000,0.70
TS/PH3,2014-12-04,10:05,0.0,46.160,0.07,-9999.000,4.34,0.99,0.14,0.02,762.500,0.85
TS/PH3,2015-01-13,09:35,0.0,44.557,0.06,-9999.000,7.15,1.31,0.20,0.01,892.917,1.12
TS/PH3,2015-03-06,11:50,0.0,81.581,0.34,-9999.000,2.16,0.11,0.09,0.07,1248.333,0.02
TS/PH3,2015-05-07,11:30,0.0,49.040,0.23,-9999.000,2.21,0.77,0.11,0.02,1087.500,0.65
TS/PH3,2015-06-05,11:15,0.0,88.672,0.74,-9999.000,6.06,0.14,0.07,0.01,1843.333,0.07
TS/PH3,2015-07-29,09:34,0.0,68.786,0.23,-9999.000,2.90,0.48,0.14,0.05,1505.417,0.35
TS/PH3,2015-08-25,09:53,0.0,40.832,0.27,-9999.000,4.17,0.31,0.09,0.13,1037.083,0.22
TS/PH3,2015-09-24,10:45,0.0,44.425,0.15,-9999.000,2.28,0.42,0.08,0.03,701.417,0.33
TS/PH3,2015-10-22,09:51,0.0,44.513,0.16,-9999.000,1.44,0.41,0.05,0.04,925.833,0.36
TS/PH3,2015-11-19,09:25,0.0,40.261,0.13,-9999.000,4.25,0.39,0.07,0.11,811.500,0.32
TS/PH3,2015-12-17,09:15,0.0,34.947,0.16,-9999.000,3.29,0.39,0.07,0.05,699.000,0.32
TS/PH3,2016-01-21,10:00,0.0,34.576,0.13,-9999.000,4.45,0.80,0.07,0.05,545.750,0.73
TS/PH3,2016-02-18,09:48,0.0,34.432,0.14,-9999.000,2.06,0.41,0.05,0.02,670.750,0.35
TS/PH3,2016-03-17,10:20,0.0,57.134,0.16,-9999.000,7.49,0.95,0.12,0.04,734.333,0.83
TS/PH3,2016-04-19,09:20,0.0,66.933,0.21,-9999.000,4.50,0.82,0.20,0.10,791.333,0.62
TS/PH3,2016-05-17,10:55,0.0,79.437,0.34,-9999.000,3.03,0.21,0.10,0.10,1140.000,0.11
TS/PH3,2016-06-29,09:39,0.0,31.264,0.16,-9999.000,1.69,0.79,0.07,0.00,687.583,0.71
TS/PH3,2016-07-19,09:20,0.0,54.115,0.22,-9999.000,6.78,3.58,0.06,0.03,1099.167,3.52
TS/PH3,2016-08-16,12:00,0.0,52.190,0.18,-9999.000,7.21,0.40,0.11,0.09,742.917,0.30
TS/PH3,2016-09-15,09:55,0.0,39.766,0.12,-9999.000,4.08,0.31,0.08,0.06,678.167,0.23
TS/PH3,2016-10-17,08:50,0.2,42.837,0.15,-9999.000,4.00,2.27,0.12,0.04,673.667,2.15
TS/PH3,2016-11-17,09:45,0.2,40.633,0.12,-9999.000,6.10,1.05,0.11,0.00,787.500,0.94
TS/PH3,2016-12-12,09:30,0.2,63.732,0.13,-9999.000,28.94,1.05,0.17,0.00,846.667,0.88
TS/PH3,2017-01-04,09:50,0.3,104.710,0.34,-9999.000,38.10,0.25,0.06,0.01,824.917,0.19
TS/PH3,2017-02-08,12:20,0.3,126.080,0.12,-9999.000,66.33,0.91,0.17,0.00,965.833,0.74
TS/PH3,2017-03-16,09:30,0.3,119.395,0.30,-9999.000,63.93,8.63,0.08,0.03,1042.500,8.55
TS/PH3,2017-06-15,11:20,0.2,63.342,0.48,-9999.000,1.18,0.45,0.08,0.00,1070.833,0.37
TS/PH3,2017-07-20,08:39,0.2,40.368,0.19,-9999.000,1.48,0.29,0.07,0.01,749.750,0.22
TS/PH3,2017-08-08,08:00,0.2,65.584,0.41,-9999.000,1.61,0.20,0.05,0.00,893.333,0.16
TS/PH3,2017-09-22,10:45,0.2,36.308,0.76,-9999.000,1.41,0.14,0.06,0.00,741.333,0.08
TS/PH3,2017-10-12,08:43,0.2,40.828,0.43,-9999.000,1.85,0.26,0.07,-9999.00,661.000,0.19
TS/PH3,2017-11-14,09:10,0.2,47.259,0.27,-9999.000,5.52,0.51,0.11,0.02,598.750,0.40
TS/PH3,2017-12-13,08:51,0.2,75.144,0.23,-9999.000,31.48,0.75,0.09,0.01,669.500,0.66
