SITENAME,DATE,TIME,SALINITY,TN,TP,TOC,NH4 ,N&N,NO2,SRP,DOC,NO3
TS/PH6a,2001-05-30,-9999,34,32.931,0.41,945.833,9.76,1.45,0.32,0.00,962.500,1.13
TS/PH6a,2001-06-27,-9999,26,35.065,0.46,1086.667,1.72,0.64,0.19,0.00,1085.833,0.45
TS/PH6a,2001-07-20,-9999,33,81.636,0.37,1250.000,6.33,0.65,0.20,0.01,1211.667,0.45
TS/PH6a,2001-08-23,-9999,1,57.025,0.35,1174.167,4.91,0.58,0.09,0.06,1192.500,0.49
TS/PH6a,2001-10-01,-9999,1,38.065,0.18,784.917,2.44,1.29,0.10,-9999.00,767.750,1.19
TS/PH6a,2001-11-12,-9999,1,42.129,0.12,818.833,2.43,0.40,0.06,0.00,775.417,0.34
TS/PH6a,2001-12-10,-9999,1,36.996,0.13,785.333,5.01,0.54,0.09,0.07,774.750,0.45
TS/PH6a,2002-01-08,-9999,1,47.601,-9999.00,-9999.000,6.28,0.74,0.13,-9999.00,-9999.000,0.61
TS/PH6a,2002-02-21,14:30,1,46.276,0.16,1134.167,6.37,0.76,0.15,-9999.00,1033.333,0.62
TS/PH6a,2002-03-25,11:00,1,62.001,0.53,1279.167,8.46,1.39,0.18,0.04,1295.000,1.21
TS/PH6a,2002-04-24,12:00,20,35.168,1.07,967.500,1.14,0.72,0.15,-9999.00,919.167,0.58
TS/PH6a,2002-05-23,13:00,21,28.021,0.45,894.167,2.45,1.82,0.39,-9999.00,870.833,1.43
TS/PH6a,2002-06-28,11:00,3,42.124,0.83,1072.500,-9999.00,-9999.00,-9999.00,-9999.00,-9999.000,-9999.00
TS/PH6a,2002-07-24,12:25,2,44.601,-9999.00,813.917,3.94,0.37,0.10,0.03,733.000,0.27
TS/PH6a,2002-08-15,11:00,1,48.294,-9999.00,755.250,3.43,0.78,0.14,-9999.00,738.083,0.64
TS/PH6a,2002-09-13,12:20,0,36.615,0.14,583.917,1.83,0.33,0.08,0.01,573.083,0.25
TS/PH6a,2002-10-11,12:40,1,43.603,0.11,726.667,1.43,0.23,0.12,0.03,729.083,0.12
TS/PH6a,2002-11-22,12:45,1,38.384,0.13,884.167,2.09,0.43,0.07,0.05,771.667,0.36
TS/PH6a,2002-12-17,12:00,1,51.663,0.14,912.500,-9999.00,-9999.00,-9999.00,-9999.00,-9999.000,-9999.00
TS/PH6a,2003-01-30,11:00,1,38.766,0.21,789.000,-9999.00,1.14,0.21,-9999.00,-9999.000,0.93
TS/PH6a,2003-02-21,-9999,2,47.140,0.37,466.000,6.85,3.97,0.31,0.01,-9999.000,3.66
TS/PH6a,2003-03-13,12:30,18,25.259,0.45,641.917,7.25,1.54,0.06,-9999.00,-9999.000,1.48
TS/PH6a,2003-04-29,-9999,27,81.579,0.31,778.917,5.15,1.83,0.20,0.08,780.250,1.63
TS/PH6a,2003-05-28,13:30,1,39.748,-9999.00,918.333,6.25,2.00,0.12,0.07,865.000,1.89
TS/PH6a,2003-06-23,11:00,1,37.911,0.30,967.500,3.13,1.16,0.17,0.04,850.000,0.99
TS/PH6a,2003-07-22,14:30,1,31.165,0.22,1069.167,2.32,0.54,0.09,0.07,1011.667,0.45
TS/PH6a,2003-08-13,12:10,1,35.866,0.19,978.333,2.19,0.19,0.06,-9999.00,870.833,0.12
TS/PH6a,2003-09-25,12:45,0,27.182,-9999.00,812.583,1.21,0.26,0.08,0.03,616.917,0.18
TS/PH6a,2003-10-16,11:55,0,46.424,0.12,715.833,1.82,0.21,0.08,0.02,-9999.000,0.13
TS/PH6a,2003-11-20,14:50,0,35.220,0.14,679.500,0.32,0.16,0.05,0.01,541.083,0.11
TS/PH6a,2003-12-29,11:00,0,33.791,0.17,590.833,1.15,0.14,0.06,0.05,669.583,0.08
TS/PH6a,2004-01-27,13:45,0,49.932,0.16,807.333,1.60,0.25,0.05,0.02,834.167,0.20
TS/PH6a,2004-02-19,11:15,0,51.160,0.13,958.333,1.24,0.72,0.04,0.01,892.500,0.68
TS/PH6a,2004-03-30,11:50,1,29.681,0.11,713.333,6.14,1.82,0.41,0.04,778.083,1.41
TS/PH6a,2004-04-20,11:30,12,37.180,0.67,-9999.000,3.42,2.75,0.11,0.05,982.083,2.64
TS/PH6a,2004-05-11,12:10,25,33.131,0.78,978.333,0.82,1.24,0.05,0.06,1086.667,1.19
TS/PH6a,2004-06-23,11:00,36,33.323,0.39,887.500,2.84,2.13,0.31,0.03,971.667,1.82
TS/PH6a,2004-07-15,12:30,43,31.773,0.47,821.583,1.94,0.69,0.37,0.04,1032.500,0.31
TS/PH6a,2004-08-22,12:30,4,52.573,0.34,1825.833,4.79,1.08,0.17,0.03,1806.667,0.91
TS/PH6a,2004-09-30,11:48,9,42.198,0.39,1750.000,4.59,2.19,0.65,0.08,1910.000,1.53
TS/PH6a,2004-10-21,11:00,4,31.106,0.15,1255.833,2.38,6.79,0.17,0.02,1190.833,6.62
TS/PH6a,2004-11-04,12:35,1,33.646,0.21,1117.500,2.70,0.59,0.14,-9999.00,1266.667,0.45
TS/PH6a,2004-12-08,11:20,1,30.382,0.38,954.167,10.83,2.25,0.49,0.02,1035.833,1.76
TS/PH6a,2005-01-27,13:07,18,38.368,0.26,890.000,13.16,5.03,1.26,0.00,896.667,3.77
TS/PH6a,2005-02-22,11:07,23,52.056,0.43,1186.667,29.89,3.15,1.33,0.03,1175.000,1.83
TS/PH6a,2005-03-15,12:28,27,47.217,0.29,1130.000,9.34,4.96,0.45,0.09,1194.167,4.51
TS/PH6a,2005-04-14,10:55,40,49.165,0.42,995.000,1.86,0.59,0.12,0.06,1065.833,0.47
TS/PH6a,2005-05-24,11:00,51,38.130,0.44,954.167,3.73,1.25,0.27,0.01,971.667,0.98
TS/PH6a,2005-06-21,11:30,21,68.286,0.41,1025.000,6.97,2.67,0.17,0.14,1197.500,2.50
TS/PH6a,2005-07-12,13:00,6,35.647,0.30,1391.667,5.97,0.53,0.17,0.06,1532.500,0.36
TS/PH6a,2005-08-22,11:00,3,37.882,0.24,-9999,5.77,0.54,0.27,0.01,1290.000,0.27
TS/PH6a,2005-09-15,12:03,1,28.997,0.21,-9999,1.46,0.23,0.06,0.01,644.500,0.16
TS/PH6a,2005-10-06,10:50,0,30.595,0.16,-9999,3.66,0.38,0.12,0.02,600.167,0.26
TS/PH6a,2005-11-17,12:30,1,42.620,0.35,-9999,2.62,0.35,0.20,0.05,866.667,0.16
TS/PH6a,2005-12-15,11:00,1,21.086,0.36,-9999,6.77,0.71,0.11,0.00,1081.667,0.60
TS/PH6a,2006-01-31,11:20,1,44.149,0.40,-9999,11.51,2.07,0.28,0.04,1033.333,1.79
TS/PH6a,2006-02-07,11:00,3,35.444,0.47,-9999,18.40,1.73,0.28,0.03,989.167,1.46
TS/PH6a,2006-03-22,11:15,21,27.505,0.77,-9999,4.26,2.11,0.03,0.14,1013.333,2.08
TS/PH6a,2006-04-25,11:30,22,26.288,0.57,-9999,6.62,5.24,2.21,0.04,806.000,3.02
TS/PH6a,2006-05-24,13:00,33,58.024,0.70,-9999,6.06,1.00,0.17,0.02,1028.333,0.83
TS/PH6a,2006-06-14,11:00,19,36.551,0.60,-9999,-9999.00,2.58,0.39,0.02,1390.000,2.20
TS/PH6a,2006-07-20,14:45,2,51.287,0.41,-9999,8.79,1.13,0.20,0.01,1385.000,0.93
TS/PH6a,2006-08-22,11:30,2,35.028,0.25,-9999,10.21,1.07,0.18,0.03,901.667,0.88
TS/PH6a,2006-09-14,11:30,1,34.112,0.65,-9999,6.58,1.27,0.14,0.01,865.833,1.13
TS/PH6a,2006-10-26,10:10,1,26.631,0.22,-9999,2.86,0.81,0.16,0.03,811.250,0.66
TS/PH6a,2006-11-29,12:45,1,34.813,0.30,-9999,26.07,2.83,0.22,0.03,957.500,2.61
TS/PH6a,2006-12-20,11:30,2,57.538,0.37,-9999,40.96,3.20,0.33,0.07,1111.667,2.87
TS/PH6a,2007-01-21,10:50,3,88.739,0.57,-9999,-9999.00,9.54,0.77,0.04,1215.000,8.77
TS/PH6a,2007-02-20,13:15,2,37.235,0.24,-9999,55.75,7.42,1.33,0.01,1298.333,6.08
TS/PH6a,2007-03-16,12:50,20,42.933,0.58,-9999,2.85,1.63,0.08,0.05,1134.167,1.55
TS/PH6a,2007-04-24,11:00,3,56.555,0.47,-9999,4.52,0.84,0.20,0.02,1398.333,0.63
TS/PH6a,2007-05-17,12:15,28,29.036,0.66,-9999,5.08,1.91,0.34,0.02,1120.000,1.57
TS/PH6a,2007-06-05,11:10,13,33.184,0.60,-9999,7.81,0.75,0.21,0.05,1353.333,0.54
TS/PH6a,2007-07-30,12:20,1,44.727,0.28,-9999,3.75,1.35,0.18,0.03,1273.333,1.17
TS/PH6a,2007-08-09,11:10,1,94.470,0.20,-9999,3.40,0.92,0.14,0.03,1075.833,0.78
TS/PH6a,2007-09-03,11:30,1,60.666,0.30,-9999,4.43,1.01,0.09,0.03,1255.833,0.92
TS/PH6a,2007-10-15,11:00,0,34.379,0.31,-9999,1.41,0.35,0.05,0.02,878.167,0.30
TS/PH6a,2007-11-26,13:45,1,36.932,0.67,-9999,7.03,0.66,0.06,0.14,823.500,0.60
TS/PH6a,2007-12-10,11:15,1,30.500,0.06,-9999,5.05,0.52,0.07,0.07,804.917,0.45
TS/PH6a,2008-01-17,13:00,2,55.143,0.29,-9999,3.24,0.56,0.08,0.03,985.833,0.48
TS/PH6a,2008-02-27,12:50,5,58.993,0.34,-9999,4.62,1.07,0.11,0.06,1189.167,0.96
TS/PH6a,2008-03-27,12:10,13,66.945,0.55,-9999,5.19,0.85,0.07,0.08,1065.000,0.77
TS/PH6a,2008-04-23,11:45,29,32.386,0.66,-9999,5.25,1.47,0.19,0.10,824.333,1.28
TS/PH6a,2008-05-21,12:00,36,51.970,0.45,-9999,4.76,1.31,0.25,0.07,704.083,1.06
TS/PH6a,2008-06-25,12:25,21,62.975,0.28,-9999,1.70,1.01,0.12,0.15,1280.000,0.90
TS/PH6a,2008-07-24,12:30,36,42.855,0.38,-9999,1.95,0.66,0.16,0.02,974.167,0.50
TS/PH6a,2008-08-07,10:30,38,37.378,0.14,-9999,4.29,0.16,0.08,0.03,1026.667,0.09
TS/PH6a,2008-09-18,12:30,5,32.020,0.32,-9999,7.62,0.61,0.24,0.02,772.500,0.37
TS/PH6a,2008-11-06,12:30,2,28.192,0.38,-9999,6.43,1.06,0.24,0.05,1053.333,0.82
TS/PH6a,2008-12-09,13:15,2,33.772,0.22,-9999,38.69,1.96,0.75,-9999.00,972.500,1.21
TS/PH6a,2009-01-08,11:45,2,59.320,0.27,-9999,97.49,2.73,0.56,0.05,884.167,2.17
TS/PH6a,2009-02-17,10:45,2,183.869,0.37,-9999,110.54,5.73,1.73,0.04,1222.500,4.00
TS/PH6a,2009-03-03,11:00,8,140.816,0.34,-9999,46.41,10.67,2.19,0.06,1232.500,8.48
TS/PH6a,2009-04-21,12:45,37,148.624,0.82,-9999,2.58,1.50,0.22,0.02,1073.333,1.28
TS/PH6a,2009-05-26,12:55,38,46.657,0.62,-9999,7.04,2.83,0.25,0.02,982.500,2.58
TS/PH6a,2009-06-18,10:57,12,63.696,0.36,-9999,4.40,1.43,0.17,0.09,1312.500,1.26
TS/PH6a,2009-07-07,12:55,5,43.824,0.21,-9999,3.29,0.60,0.27,0.07,1545.000,0.33
TS/PH6a,2009-08-14,10:50,3,79.742,0.17,-9999,3.69,0.55,0.19,0.03,1413.333,0.36
TS/PH6a,2009-09-03,11:50,2,171.899,0.26,-9999,4.98,0.93,0.22,0.04,1227.083,0.71
TS/PH6a,2009-10-13,15:00,1,35.737,0.28,-9999,3.53,0.85,0.17,0.06,916.667,0.68
TS/PH6a,2009-11-23,14:45,7,53.758,0.32,-9999,2.98,0.47,0.18,0.06,1070.833,0.29
TS/PH6a,2009-12-07,13:00,1,60.380,0.20,-9999,8.08,1.64,0.22,0.03,848.333,1.41
TS/PH6a,2010-01-19,13:05,1,78.955,0.27,-9999,15.58,3.55,0.35,0.01,794.583,3.20
TS/PH6a,2010-02-18,13:10,1,72.417,0.16,-9999,14.93,4.18,0.32,0.02,832.833,3.86
TS/PH6a,2010-03-11,11:40,1,173.877,0.17,-9999,8.94,3.51,0.30,0.04,833.333,3.21
TS/PH6a,2010-04-12,10:15,1,109.538,0.28,-9999,5.90,2.09,0.20,0.02,1053.333,1.89
TS/PH6a,2010-05-04,11:15,5,89.933,0.28,-9999,4.53,1.23,0.16,0.05,1108.333,1.06
TS/PH6a,2010-06-28,12:00,6,116.856,0.36,-9999,3.95,1.33,0.21,0.05,1739.167,1.13
TS/PH6a,2010-07-20,13:05,2,59.305,0.21,-9999,1.46,0.15,0.15,0.04,1384.167,0.00
TS/PH6a,2010-08-13,12:15,4,65.342,0.24,-9999,2.13,0.48,0.12,0.05,1377.500,0.35
TS/PH6a,2010-09-14,12:15,1,51.567,0.20,-9999,1.78,0.10,0.07,0.03,923.333,0.03
TS/PH6a,2010-10-05,11:15,0,43.604,0.22,-9999,0.92,0.23,0.17,0.01,630.417,0.06
TS/PH6a,2010-11-03,13:15,1,27.088,1.31,-9999,1.45,0.16,0.07,0.11,910.833,0.09
TS/PH6a,2010-12-13,12:20,1,26.991,0.19,-9999,5.07,1.25,0.18,0.03,737.500,1.07
TS/PH6a,2011-01-10,13:10,1,35.977,0.39,-9999,4.48,0.98,0.03,0.08,707.083,0.95
TS/PH6a,2011-02-03,12:20,1,63.930,0.24,-9999,2.30,0.41,0.07,0.03,641.417,0.34
TS/PH6a,2011-03-21,13:20,9,63.693,0.66,-9999,6.32,1.32,0.18,0.06,844.167,1.14
TS/PH6a,2011-04-13,10:00,23,67.770,0.49,-9999,5.84,0.67,0.09,0.14,750.833,0.58
TS/PH6a,2011-05-04,11:15,29,69.022,0.38,-9999,2.82,1.72,0.06,0.00,957.500,1.66
TS/PH6a,2011-06-15,12:45,37,67.733,0.21,-9999,2.93,0.46,0.12,0.07,922.500,0.33
TS/PH6a,2011-07-11,11:45,25,67.881,0.43,-9999,3.76,1.06,0.17,0.06,1525.000,0.89
TS/PH6a,2011-08-02,11:45,13,86.714,0.33,-9999,2.34,1.27,0.34,0.15,1612.500,0.94
TS/PH6a,2011-09-13,13:30,7,76.923,0.16,-9999,2.48,0.65,0.16,0.10,1590.833,0.49
TS/PH6a,2011-10-05,10:45,2,48.306,0.21,-9999,2.97,0.86,0.15,0.13,1191.667,0.71
TS/PH6a,2011-11-09,15:30,1,37.275,0.37,-9999,5.04,0.84,0.15,0.02,850.833,0.69
TS/PH6a,2011-12-13,12:05,2,79.767,0.28,-9999,-9999.00,1.98,0.24,0.02,630.500,1.74
TS/PH6a,2012-01-11,11:10,1,84.700,0.28,-9999,0.65,1.38,0.20,0.19,839.167,1.18
TS/PH6a,2012-02-21,11:30,14,60.425,0.60,-9999,8.22,1.73,0.21,0.04,911.667,1.52
TS/PH6a,2012-03-21,12:10,22,54.927,0.49,-9999,3.81,0.69,0.05,0.01,856.250,0.65
TS/PH6a,2012-04-26,10:25,22,55.141,0.47,-9999,6.98,1.32,0.20,0.10,869.167,1.12
TS/PH6a,2012-05-17,11:35,9,68.305,0.35,-9999,5.40,1.75,0.19,0.06,1078.333,1.56
TS/PH6a,2012-06-21,11:00,2,42.089,0.27,-9999,2.59,0.98,0.17,0.01,1002.500,0.81
TS/PH6a,2012-07-19,9:30,1,40.584,0.19,-9999,3.30,1.78,0.18,0.03,885.000,1.59
TS/PH6a,2012-08-15,9:19,1,42.510,0.21,-9999,1.77,0.35,0.05,0.00,905.000,0.30
TS/PH6a,2012-09-12,13:00,1,40.434,0.25,-9999,1.04,0.44,0.10,0.02,817.667,0.34
TS/PH6a,2012-10-03,12:00,1,67.256,0.43,-9999,0.96,0.17,0.09,0.03,828.000,0.07
TS/PH6a,2012-11-08,14:30,1,39.052,0.19,-9999,0.47,0.07,0.06,0.03,847.500,0.01
TS/PH6a,2012-12-12,10:15,1,28.940,0.23,-9999,3.37,0.26,0.06,0.02,791.750,0.19
TS/PH6a,2013-01-17,12:30,1,51.991,0.23,-9999,2.08,0.23,0.06,0.02,860.833,0.17
TS/PH6a,2013-02-06,9:00,1,54.114,0.28,-9999,2.88,0.96,0.09,0.02,1015.000,0.87
TS/PH6a,2013-03-05,11:59,1,87.463,0.36,-9999,2.19,0.24,0.05,0.01,1195.833,0.19
TS/PH6a,2013-04-04,9:50,15,53.764,0.48,-9999,8.86,1.25,0.13,0.04,998.333,1.12
TS/PH6a,2013-05-07,11:50,21,40.848,0.41,-9999,0.87,0.51,0.09,0.01,954.167,0.42
TS/PH6a,2013-06-04,12:15,1,49.826,0.42,-9999,3.03,0.95,0.12,0.02,1022.500,0.83
TS/PH6a,2013-07-09,10:45,1,39.958,0.20,-9999,2.11,0.50,0.14,0.14,1297.500,0.36
TS/PH6a,2013-08-15,11:25,0,31.351,0.35,-9999,1.03,0.26,0.07,0.04,877.500,0.19
TS/PH6a,2013-09-04,10:45,0,25.545,0.26,-9999,1.14,0.29,0.08,0.00,770.083,0.21
TS/PH6a,2013-10-29,12:15,0,35.961,0.20,-9999,0.92,0.22,0.06,0.01,815.500,0.15
TS/PH6a,2013-11-13,13:10,0,32.786,0.17,-9999,0.81,0.13,0.05,0.08,765.083,0.08
TS/PH6a,2013-12-17,9:50,0,27.237,0.20,-9999,1.40,0.44,0.05,0.02,705.667,0.39
TS/PH6a,2014-01-28,12:40,1,40.971,0.54,-9999,1.72,0.21,0.05,0.03,787.333,0.16
TS/PH6a,2014-02-05,9:45,0,37.383,0.27,-9999,1.25,0.24,0.03,0.04,825.250,0.21
TS/PH6a,2014-03-13,13:20,3,51.993,0.46,-9999,2.31,0.44,0.09,0.08,963.333,0.35
TS/PH6a,2014-04-16,9:45,10,56.981,0.71,-9999,2.22,0.54,0.10,0.09,1122.500,0.44
TS/PH6a,2014-05-07,12:15,26,45.627,0.56,-9999,5.34,0.96,0.16,0.07,915.833,0.80
TS/PH6a,2014-06-11,9:15,28,38.216,0.84,-9999,3.36,1.48,0.12,0.07,880.000,1.36
TS/PH6a,2014-07-16,12:35,8,97.258,0.33,-9999,11.65,1.15,0.25,0.17,1585.000,0.90
TS/PH6a,2014-08-14,10:30,2,72.697,0.18,-9999,3.25,0.30,0.14,0.06,1395.000,0.16
TS/PH6a,2014-09-11,13:15,2,50.027,0.18,-9999,3.00,0.17,0.12,0.06,1305.833,0.05
TS/PH6a,2014-10-09,10:30,2,44.038,0.19,-9999,4.26,0.64,0.18,0.06,1012.500,0.46
TS/PH6a,2014-11-24,13:45,3,49.083,0.30,-9999,5.00,2.63,0.19,0.05,1015.833,2.44
TS/PH6a,2014-12-17,10:30,4,61.977,0.24,-9999,12.01,2.22,0.13,0.00,964.167,2.09
TS/PH6a,2015-01-06,13:30,2,50.178,0.20,-9999,16.61,1.65,0.20,0.02,963.333,1.45
TS/PH6a,2015-02-12,11:15,13,78.945,0.42,-9999,28.04,3.72,0.44,0.03,1051.667,3.28
TS/PH6a,2015-03-12,12:14,4,91.714,0.65,-9999,26.77,4.92,0.59,0.04,1235.000,4.33
TS/PH6a,2015-04-10,14:35,28,70.214,1.43,-9999,0.84,0.47,0.05,0.02,896.667,0.42
TS/PH6a,2015-05-06,13:15,23,48.080,1.11,-9999,1.41,0.74,0.19,0.17,1296.667,0.55
TS/PH6a,2015-06-04,10:00,36,44.644,0.58,-9999,2.03,0.64,0.05,0.15,1137.500,0.59
TS/PH6a,2015-07-09,16:10,42,39.191,0.55,-9999,2.55,0.29,0.11,0.08,1250.000,0.17
TS/PH6a,2015-08-13,10:03,39,42.869,0.73,-9999,2.45,1.58,0.23,0.02,1319.167,1.35
TS/PH6a,2015-09-10,14:10,8,50.557,0.34,-9999,2.86,0.38,0.18,0.25,1478.333,0.20
TS/PH6a,2015-10-28,11:45,7,55.566,0.43,-9999,3.21,0.28,0.13,0.40,1315.000,0.15
TS/PH6a,2015-12-01,13:50,2,64.461,0.17,-9999,8.80,1.47,0.21,0.10,1284.167,1.27
TS/PH6a,2015-12-29,11:29,1,50.923,0.26,-9999,12.71,1.63,0.19,0.05,767.167,1.44
TS/PH6a,2016-01-14,10:25,1,67.406,0.21,-9999,15.41,3.14,0.22,0.06,757.833,2.92
TS/PH6a,2016-02-11,11:32,1,57.752,0.19,-9999,10.70,4.38,0.29,0.10,710.750,4.08
TS/PH6a,2016-03-16,13:47,1,96.310,0.47,-9999,50.73,3.01,0.29,0.07,754.000,2.72
TS/PH6a,2016-04-21,11:40,1,83.551,0.49,-9999,17.70,5.51,0.35,0.16,849.167,5.17
TS/PH6a,2016-05-26,12:25,6,71.525,1.18,-9999,8.45,2.58,0.31,0.37,1132.500,2.27
TS/PH6a,2016-06-24,11:36,1,67.205,0.46,-9999,2.92,1.55,0.10,0.04,1009.167,1.44
TS/PH6a,2016-07-27,14:00,1,55.665,0.33,-9999,2.10,0.57,0.06,0.03,972.500,0.51
TS/PH6a,2016-08-30,12:08,1,45.749,0.21,-9999,1.02,0.26,0.04,0.01,940.000,0.22
TS/PH6a,2016-09-28,12:35,0,53.316,0.23,-9999,1.50,0.19,0.07,0.03,811.833,0.12
TS/PH6a,2016-10-13,10:32,1,38.735,0.24,-9999,1.02,1.24,0.05,0.01,848.333,1.19
TS/PH6a,2016-11-14,12:16,1,34.927,0.23,-9999,1.34,0.52,0.06,0.02,733.417,0.46
TS/PH6a,2016-12-12,11:20,1,35.787,0.19,-9999,1.21,0.18,0.04,0.02,743.167,0.14
TS/PH6a,2017-01-26,12:42,8,48.238,0.61,-9999,4.68,0.79,0.29,0.50,936.667,0.49
TS/PH6a,2017-02-28,11:00,3,53.131,0.42,-9999,1.69,0.21,0.10,0.15,957.500,0.10
TS/PH6a,2017-03-23,13:00,5,79.816,0.56,-9999,4.68,1.36,0.20,0.39,1350.000,1.16
TS/PH6a,2017-04-20,11:51,30,57.074,0.99,-9999,2.80,0.64,0.25,0.62,976.667,0.39
TS/PH6a,2017-05-25,13:27,-9999,56.031,0.58,-9999,1.05,0.39,0.11,0.03,846.667,0.28
TS/PH6a,2017-06-26,11:22,14,65.292,0.63,-9999,3.32,0.81,0.56,0.92,1579.167,0.25
TS/PH6a,2017-07-24,11:40,4,69.849,0.36,-9999,4.98,0.89,0.20,0.21,1229.167,0.69
TS/PH6a,2017-08-28,11:10,3,70.213,0.43,-9999,5.98,1.15,0.17,0.15,1254.167,0.98
TS/PH6a,2017-09-26,13:20,2,42.950,0.63,-9999,0.89,0.41,0.15,0.06,955.833,0.26
TS/PH6a,2017-10-26,11:10,0,43.594,0.35,-9999,1.83,0.25,0.04,0.00,493.417,0.21
TS/PH6a,2017-11-30,13:01,1,50.230,0.38,-9999,3.82,0.67,0.07,0.01,828.667,0.60
TS/PH6a,2017-12-21,11:39,1,48.509,0.33,-9999,3.83,0.73,0.08,0.04,881.667,0.65
TS/PH7a,2001-05-30,-9999,34,40.167,0.40,962.500,6.12,0.62,0.16,0.00,937.500,0.46
TS/PH7a,2001-06-27,-9999,24,35.229,0.39,1003.333,3.35,0.48,0.24,0.00,980.833,0.24
TS/PH7a,2001-07-20,-9999,36,62.430,0.32,1125.000,4.43,0.60,0.24,0.00,1124.167,0.36
TS/PH7a,2001-08-23,-9999,3,57.642,0.31,1607.500,2.87,0.42,0.17,0.04,1645.833,0.25
TS/PH7a,2001-10-01,-9999,1,43.208,0.28,1248.333,1.52,0.76,0.18,0.02,1246.667,0.58
TS/PH7a,2001-11-12,-9999,1,44.320,0.14,930.833,2.82,1.05,0.11,0.00,904.167,0.94
TS/PH7a,2001-12-10,-9999,2,54.961,0.58,931.667,5.85,2.03,0.32,0.07,881.667,1.71
TS/PH7a,2002-01-08,-9999,1,58.030,0.21,864.167,5.22,2.34,0.21,-9999.00,805.167,2.13
TS/PH7a,2002-02-16,10:30,8,46.175,0.24,973.333,6.05,1.79,0.28,0.05,1021.667,1.51
TS/PH7a,2002-03-25,15:30,13,35.864,0.38,862.500,4.83,1.43,0.40,0.07,873.333,1.03
TS/PH7a,2002-04-24,13:50,20,41.342,0.46,774.750,9.83,1.72,0.55,-9999.00,796.667,1.17
TS/PH7a,2002-05-14,11:30,28,27.454,0.28,833.167,2.97,0.90,0.16,-9999.00,829.333,0.74
TS/PH7a,2002-06-28,12:25,5,45.347,0.45,1435.000,1.14,0.22,0.15,0.03,1404.167,0.07
TS/PH7a,2002-07-24,11:40,2,49.401,0.18,721.500,5.44,2.16,0.25,0.04,689.917,1.91
TS/PH7a,2002-08-15,12:00,3,54.123,0.20,765.417,-9999.00,3.95,0.99,0.00,767.667,2.96
TS/PH7a,2002-09-13,13:30,1,34.082,0.15,961.667,1.82,0.44,0.16,0.02,986.250,0.28
TS/PH7a,2002-10-11,14:00,6,51.567,0.14,750.250,6.57,4.15,0.77,-9999.00,806.750,3.37
TS/PH7a,2002-11-15,11:00,8,24.878,-9999.00,995.000,3.06,0.36,0.10,-9999.00,890.000,0.26
TS/PH7a,2002-12-17,13:00,1,42.562,0.23,970.000,-9999.00,-9999.00,-9999.00,-9999.00,-9999.000,-9999.00
TS/PH7a,2003-01-30,13:00,14,38.099,0.21,1268.333,4.93,0.65,0.21,-9999.00,-9999.000,0.44
TS/PH7a,2003-02-21,-9999,22,45.977,-9999.00,728.250,2.04,0.57,0.08,-9999.00,707.083,0.49
TS/PH7a,2003-03-13,-9999,24,66.299,0.23,906.667,9.35,0.80,0.15,0.10,781.167,0.66
TS/PH7a,2003-04-29,-9999,27,39.542,0.58,557.750,3.28,0.81,0.10,-9999.00,-9999.000,0.71
TS/PH7a,2003-06-03,13:00,2,43.605,0.42,1234.167,2.13,0.93,0.15,0.00,1141.667,0.78
TS/PH7a,2003-06-23,12:30,2,32.141,0.31,1267.500,2.16,0.99,0.22,0.03,1140.833,0.77
TS/PH7a,2003-07-22,15:30,1,35.400,0.53,-9999.000,3.74,1.30,0.16,0.03,716.000,1.14
TS/PH7a,2003-08-13,13:35,2,42.252,0.33,1192.500,0.91,0.18,0.10,0.04,1057.500,0.07
TS/PH7a,2003-09-25,13:50,2,33.018,0.19,1235.000,2.33,0.62,0.25,-9999.00,708.333,0.37
TS/PH7a,2003-10-16,13:00,0,27.654,0.22,926.667,1.08,0.29,0.13,0.05,736.917,0.16
TS/PH7a,2003-11-20,15:30,0,26.271,0.15,800.750,0.66,0.33,0.11,0.02,648.417,0.22
TS/PH7a,2003-12-29,12:00,2,79.118,0.22,697.750,4.24,0.51,0.10,0.00,722.000,0.41
TS/PH7a,2004-01-27,14:45,12,23.964,0.28,673.500,6.89,0.62,0.17,0.06,825.250,0.45
TS/PH7a,2004-02-19,12:20,9,32.784,0.19,770.333,5.09,0.68,0.13,0.05,779.250,0.55
TS/PH7a,2004-03-30,13:00,19,45.419,0.49,1329.167,4.51,3.71,0.05,0.07,1341.667,3.66
TS/PH7a,2004-04-20,12:15,24,23.950,0.29,-9999.000,10.61,2.59,0.16,0.04,-9999.000,2.43
TS/PH7a,2004-05-11,13:35,27,25.063,0.18,768.250,1.49,0.95,0.07,0.02,931.667,0.87
TS/PH7a,2004-06-23,12:30,30,29.153,0.28,805.917,1.92,0.50,0.05,0.05,948.333,0.45
TS/PH7a,2004-07-15,13:15,42,41.476,0.25,712.833,4.05,0.59,0.31,0.04,942.500,0.28
TS/PH7a,2004-08-22,13:45,16,69.276,0.30,1614.167,4.56,1.66,0.17,0.05,1649.167,1.49
TS/PH7a,2004-09-30,13:00,23,38.337,0.24,-9999.000,10.64,1.50,0.19,0.13,-9999.000,1.31
TS/PH7a,2004-10-21,11:45,7,37.945,0.25,1734.167,1.90,1.87,0.20,0.08,1695.833,1.67
TS/PH7a,2004-11-04,9:50,3,31.581,-9999.00,1515.000,3.46,0.95,0.24,-9999.00,1700.000,0.71
TS/PH7a,2004-12-08,14:10,4,40.734,0.67,1091.667,9.53,2.67,0.70,0.04,1125.833,1.97
TS/PH7a,2005-01-27,16:10,32,39.876,0.23,836.667,2.94,1.15,0.96,0.02,826.917,0.20
TS/PH7a,2005-02-22,13:43,33,37.034,0.69,1037.500,3.37,1.19,0.81,0.04,1000.833,0.38
TS/PH7a,2005-03-15,14:36,36,51.660,0.31,862.500,3.43,1.35,0.18,0.06,935.000,1.17
TS/PH7a,2005-04-14,13:15,42,31.507,0.31,930.833,3.21,0.80,0.24,0.05,991.667,0.56
TS/PH7a,2005-05-24,13:17,50,66.000,0.36,863.333,1.92,0.98,0.34,0.02,891.667,0.64
TS/PH7a,2005-06-21,13:30,28,59.786,0.44,1200.000,4.26,1.68,0.19,0.05,1302.500,1.49
TS/PH7a,2005-07-12,14:02,15,35.178,0.23,1617.500,2.01,2.03,0.25,0.21,1802.500,1.78
TS/PH7a,2005-08-22,12:15,17,34.814,0.23,-9999,2.78,1.76,0.20,0.13,1208.333,1.56
TS/PH7a,2005-09-15,13:15,2,45.302,0.19,-9999,2.28,0.25,0.18,0.05,1174.167,0.07
TS/PH7a,2005-10-06,12:05,6,26.089,0.19,-9999,12.86,0.94,0.40,0.04,849.167,0.54
TS/PH7a,2005-11-17,13:40,2,62.067,0.43,-9999,4.29,0.64,0.23,0.09,1020.000,0.40
TS/PH7a,2005-12-15,12:10,2,22.539,0.38,-9999,7.95,1.13,0.17,0.04,1050.833,0.96
TS/PH7a,2006-01-31,12:05,13,-9999.000,0.48,-9999,10.24,1.29,0.27,0.09,864.167,1.02
TS/PH7a,2006-02-07,11:50,11,39.780,0.56,-9999,8.93,2.27,0.34,0.04,945.833,1.94
TS/PH7a,2006-03-22,12:00,24,25.154,0.44,-9999,1.48,0.93,0.01,0.08,983.333,0.92
TS/PH7a,2006-04-25,12:30,29,27.826,0.43,-9999,1.90,0.59,0.12,0.03,967.500,0.48
TS/PH7a,2006-05-24,15:15,33,70.959,0.46,-9999,2.27,0.53,0.04,0.05,1133.333,0.48
TS/PH7a,2006-06-14,12:15,28,33.269,0.84,-9999,6.68,1.85,0.27,0.00,1300.000,1.58
TS/PH7a,2006-07-20,11:45,5,56.758,0.51,-9999,5.93,1.22,0.33,0.00,1805.833,0.89
TS/PH7a,2006-08-22,12:45,3,40.129,0.42,-9999,6.06,1.54,0.25,0.05,1128.333,1.29
TS/PH7a,2006-09-14,13:30,1,40.946,0.74,-9999,4.29,1.35,0.24,0.03,1344.167,1.11
TS/PH7a,2006-10-26,10:50,2,28.395,0.30,-9999,2.85,0.79,0.19,0.07,1125.000,0.59
TS/PH7a,2006-11-29,14:30,21,31.005,0.31,-9999,5.11,1.46,0.23,0.07,957.500,1.22
TS/PH7a,2006-12-20,12:30,21,38.531,0.34,-9999,7.96,1.75,0.15,0.04,970.833,1.60
TS/PH7a,2007-01-21,12:30,23,48.672,0.38,-9999,8.39,1.98,0.53,0.04,1057.500,1.45
TS/PH7a,2007-02-20,14:20,11,38.003,0.33,-9999,28.32,6.69,1.12,0.08,1132.500,5.57
TS/PH7a,2007-03-16,14:00,29,35.983,0.19,-9999,5.91,0.67,0.14,0.04,970.000,0.53
TS/PH7a,2007-04-24,11:50,19,29.300,0.63,-9999,5.02,1.93,0.14,0.03,1156.667,1.79
TS/PH7a,2007-05-17,13:30,31,33.524,0.25,-9999,15.12,1.41,0.39,0.02,859.167,1.02
TS/PH7a,2007-06-05,13:00,30,33.699,0.61,-9999,6.85,1.29,0.28,0.06,1155.000,1.01
TS/PH7a,2007-07-30,13:10,3,33.489,0.86,-9999,5.84,1.76,0.29,0.03,1740.667,1.47
TS/PH7a,2007-08-09,11:50,2,115.310,0.36,-9999,4.56,1.15,0.17,0.01,1546.667,0.98
TS/PH7a,2007-09-03,12:20,13,49.526,0.35,-9999,9.84,1.38,0.32,0.09,1041.667,1.07
TS/PH7a,2007-10-15,13:00,1,42.465,0.54,-9999,2.60,0.63,0.18,0.07,1144.833,0.45
TS/PH7a,2007-11-26,14:25,13,52.779,1.15,-9999,2.32,0.36,0.07,0.14,734.167,0.29
TS/PH7a,2007-12-10,12:00,11,30.143,0.14,-9999,3.18,0.71,0.54,0.00,704.500,0.17
TS/PH7a,2008-01-17,14:00,14,44.214,0.31,-9999,2.56,0.83,0.19,0.11,791.667,0.64
TS/PH7a,2008-02-27,13:42,16,61.167,0.52,-9999,5.33,1.78,0.16,0.31,859.167,1.63
TS/PH7a,2008-03-27,13:20,24,55.386,0.31,-9999,10.60,2.65,0.81,0.19,709.000,1.84
TS/PH7a,2008-04-23,13:00,29,37.009,0.39,-9999,4.59,0.90,0.17,0.11,806.000,0.73
TS/PH7a,2008-05-21,12:40,36,49.199,0.16,-9999,3.35,0.56,0.14,0.09,669.000,0.42
TS/PH7a,2008-06-25,13:15,21,37.507,0.24,-9999,2.75,1.23,0.17,0.20,1238.333,1.06
TS/PH7a,2008-07-24,13:15,36,40.249,0.26,-9999,9.16,2.80,0.79,0.05,757.500,2.01
TS/PH7a,2008-08-07,11:15,38,41.105,0.14,-9999,4.90,0.16,0.07,0.02,1021.667,0.09
TS/PH7a,2008-09-18,14:30,9,36.965,0.35,-9999,4.11,1.07,0.25,0.02,1120.000,0.82
TS/PH7a,2008-11-06,13:30,3,36.830,0.44,-9999,4.79,0.97,0.24,0.04,1319.167,0.73
TS/PH7a,2008-12-09,13:50,4,37.852,0.37,-9999,27.84,2.18,0.74,0.15,1075.833,1.44
TS/PH7a,2009-01-08,12:45,4,66.119,0.29,-9999,66.67,4.23,1.04,0.06,901.667,3.18
TS/PH7a,2009-02-17,11:45,21,58.718,0.44,-9999,9.94,3.34,0.63,0.06,811.250,2.72
TS/PH7a,2009-03-03,10:00,27,155.995,0.41,-9999,2.74,0.88,0.12,0.04,792.750,0.76
TS/PH7a,2009-04-21,14:45,37,96.377,0.18,-9999,2.67,0.75,0.23,0.02,811.917,0.52
TS/PH7a,2009-05-26,13:50,41,38.921,0.19,-9999,2.89,0.90,0.15,0.04,734.667,0.75
TS/PH7a,2009-06-18,11:47,16,68.495,0.48,-9999,3.48,2.61,0.31,0.02,1437.500,2.30
TS/PH7a,2009-07-07,13:50,7,65.847,0.16,-9999,3.13,0.59,0.29,0.05,1862.500,0.30
TS/PH7a,2009-08-14,11:55,6,67.314,0.23,-9999,4.41,0.73,0.24,0.05,1570.833,0.49
TS/PH7a,2009-09-03,13:00,9,37.822,0.26,-9999,5.26,0.91,0.25,0.03,1575.000,0.66
TS/PH7a,2009-10-13,16:15,1,31.306,0.06,-9999,2.64,0.65,0.21,0.04,1248.333,0.44
TS/PH7a,2009-11-23,15:30,25,44.745,0.18,-9999,4.72,0.96,0.18,0.03,809.167,0.78
TS/PH7a,2009-12-07,13:45,3,52.866,0.24,-9999,1.71,0.69,0.21,0.03,1101.667,0.49
TS/PH7a,2010-01-19,14:15,2,83.419,0.39,-9999,16.97,3.63,0.37,0.08,925.000,3.26
TS/PH7a,2010-02-18,14:10,2,81.503,0.25,-9999,21.63,4.20,0.65,0.04,908.333,3.55
TS/PH7a,2010-03-11,12:40,17,110.270,0.27,-9999,8.93,4.12,0.68,0.11,695.000,3.45
TS/PH7a,2010-04-12,9:15,19,105.043,0.33,-9999,7.15,2.44,0.45,0.09,781.083,1.99
TS/PH7a,2010-05-04,13:15,19,99.794,0.60,-9999,10.93,4.41,0.88,0.01,866.667,3.53
TS/PH7a,2010-06-28,13:15,28,67.124,0.24,-9999,2.10,0.55,0.14,0.07,1030.000,0.41
TS/PH7a,2010-07-20,14:05,9,66.119,0.36,-9999,5.21,0.64,0.31,0.05,1545.833,0.33
TS/PH7a,2010-08-13,13:30,16,62.545,0.37,-9999,4.95,1.91,0.23,0.18,1399.167,1.68
TS/PH7a,2010-09-14,13:20,3,45.463,0.31,-9999,1.98,0.38,0.22,0.03,1549.000,0.17
TS/PH7a,2010-10-05,12:15,1,46.542,0.18,-9999,1.33,0.34,0.30,0.02,983.333,0.03
TS/PH7a,2010-11-03,15:35,4,32.390,1.65,-9999,4.67,0.94,0.31,0.08,998.333,0.63
TS/PH7a,2010-12-13,14:10,5,57.339,0.22,-9999,1.77,0.42,0.07,0.02,817.000,0.35
TS/PH7a,2011-01-10,15:30,8,43.657,0.53,-9999,5.98,1.43,0.11,0.04,688.667,1.32
TS/PH7a,2011-02-03,14:20,4,52.840,0.32,-9999,4.34,0.87,0.14,0.02,627.000,0.73
TS/PH7a,2011-03-21,16:30,21,51.801,0.27,-9999,1.29,0.70,0.06,0.03,649.917,0.64
TS/PH7a,2011-04-13,11:30,25,61.085,0.11,-9999,5.27,0.65,0.02,0.38,642.583,0.62
TS/PH7a,2011-05-04,12:00,31,70.954,0.34,-9999,2.90,0.29,0.06,0.01,920.000,0.23
TS/PH7a,2011-06-14,11:30,39,63.654,0.71,-9999,2.73,0.18,0.09,0.06,872.500,0.09
TS/PH7a,2011-07-11,12:43,27,62.295,0.33,-9999,2.90,0.73,0.16,0.04,1725.833,0.57
TS/PH7a,2011-08-02,13:45,26,74.065,0.61,-9999,2.96,2.66,0.15,0.03,1038.333,2.51
TS/PH7a,2011-09-13,11:00,4,79.199,0.22,-9999,3.18,0.38,0.19,0.23,1939.167,0.19
TS/PH7a,2011-10-05,12:00,3,59.303,0.23,-9999,1.27,1.09,0.03,0.06,1505.000,1.06
TS/PH7a,2011-11-09,15:30,6,53.502,0.55,-9999,14.66,1.57,0.41,0.02,984.167,1.17
TS/PH7a,2011-12-13,12:45,11,48.975,0.50,-9999,-9999.00,5.61,0.90,0.09,577.917,4.72
TS/PH7a,2012-01-11,12:20,18,45.821,0.31,-9999,7.16,3.05,0.34,0.22,671.667,2.71
TS/PH7a,2012-02-21,13:10,22,48.204,0.22,-9999,5.28,0.84,0.13,0.06,712.583,0.71
TS/PH7a,2012-03-21,13:00,27,43.212,3.50,-9999,2.07,2.16,0.04,0.06,691.500,2.12
TS/PH7a,2012-04-26,11:25,25,52.312,0.62,-9999,3.08,0.90,0.16,0.08,748.583,0.74
TS/PH7a,2012-05-17,13:50,24,50.282,0.28,-9999,3.48,0.86,0.18,0.07,749.917,0.68
TS/PH7a,2012-06-21,11:50,8,51.432,0.31,-9999,3.91,1.26,0.34,0.08,991.667,0.92
TS/PH7a,2012-07-18,9:50,1,47.489,0.24,-9999,1.51,0.61,0.18,0.02,1206.667,0.43
TS/PH7a,2012-08-15,10:17,1,46.988,0.28,-9999,2.24,0.89,0.08,0.05,1163.333,0.80
TS/PH7a,2012-09-12,14:00,1,48.329,0.20,-9999,1.52,0.87,0.13,0.01,1032.333,0.74
TS/PH7a,2012-10-03,12:45,2,47.132,0.41,-9999,1.70,0.38,0.14,0.01,616.417,0.24
TS/PH7a,2012-11-07,15:00,4,45.704,0.39,-9999,1.35,0.25,0.12,0.02,1195.000,0.13
TS/PH7a,2012-12-12,11:00,16,37.060,0.32,-9999,3.80,1.11,0.16,0.04,685.583,0.95
TS/PH7a,2013-01-17,13:20,6,50.499,0.32,-9999,6.99,0.79,0.20,0.03,831.250,0.59
TS/PH7a,2013-02-06,9:45,17,36.156,0.27,-9999,3.92,1.45,0.26,0.02,717.583,1.19
TS/PH7a,2013-03-05,12:40,19,47.475,0.26,-9999,5.45,1.73,0.25,0.03,724.333,1.47
TS/PH7a,2013-04-04,10:20,23,53.740,0.28,-9999,8.94,1.07,0.30,0.04,754.833,0.77
TS/PH7a,2013-05-07,13:05,26,40.769,0.31,-9999,3.52,0.62,0.18,0.05,693.500,0.44
TS/PH7a,2013-06-04,13:20,5,67.198,0.36,-9999,1.95,0.63,0.16,0.03,1370.833,0.47
TS/PH7a,2013-07-09,11:45,1,50.303,0.24,-9999,2.13,0.32,0.13,0.10,932.500,0.19
TS/PH7a,2013-08-15,12:30,1,30.371,0.23,-9999,1.91,0.69,0.14,0.03,1161.667,0.55
TS/PH7a,2013-09-04,11:45,1,35.920,0.37,-9999,1.90,0.53,0.15,0.05,1041.667,0.38
TS/PH7a,2013-10-29,13:45,13,45.232,0.34,-9999,2.00,0.47,0.07,0.13,907.083,0.40
TS/PH7a,2013-11-12,12:15,13,44.183,0.21,-9999,1.70,0.56,0.11,0.18,762.917,0.46
TS/PH7a,2013-12-17,11:00,1,32.659,0.29,-9999,1.48,0.23,0.12,0.08,887.500,0.11
TS/PH7a,2014-01-28,10:20,10,38.247,0.29,-9999,2.71,0.49,0.06,0.07,688.333,0.43
TS/PH7a,2014-02-05,11:10,5,40.405,0.30,-9999,1.24,0.34,0.05,0.04,826.250,0.29
TS/PH7a,2014-03-12,15:00,19,40.423,0.37,-9999,1.83,0.72,0.04,0.24,725.833,0.68
TS/PH7a,2014-04-16,11:00,25,34.655,0.40,-9999,2.55,0.54,0.06,0.06,725.125,0.48
TS/PH7a,2014-05-07,13:30,28,42.811,0.46,-9999,2.81,0.46,0.08,0.03,715.000,0.38
TS/PH7a,2014-06-11,10:30,32,34.708,0.43,-9999,4.22,0.63,0.10,0.07,727.375,0.53
TS/PH7a,2014-07-16,13:50,20,46.733,0.55,-9999,1.43,1.10,0.12,0.19,1336.667,0.98
TS/PH7a,2014-08-14,11:30,8,64.336,0.36,-9999,2.15,0.17,0.13,0.05,1654.167,0.03
TS/PH7a,2014-09-11,14:10,11,69.726,0.36,-9999,2.03,0.44,0.20,0.03,1642.500,0.24
TS/PH7a,2014-10-09,11:43,9,53.687,0.30,-9999,2.73,0.32,0.18,0.08,1461.667,0.15
TS/PH7a,2014-11-17,12:00,25,45.058,0.28,-9999,4.78,0.81,0.22,0.14,816.417,0.59
TS/PH7a,2014-12-17,12:50,20,47.957,0.27,-9999,1.75,1.05,0.09,0.09,1009.167,0.96
TS/PH7a,2015-01-06,10:55,5,48.084,0.26,-9999,6.37,1.88,0.26,0.04,1145.833,1.62
TS/PH7a,2015-01-12,13:00,19,52.558,0.44,-9999,3.32,1.96,0.08,0.02,973.333,1.88
TS/PH7a,2015-03-12,13:15,28,49.429,0.36,-9999,1.19,0.36,0.08,0.03,832.500,0.28
TS/PH7a,2015-04-09,11:45,35,53.143,0.39,-9999,1.80,0.24,0.01,0.03,639.083,0.23
TS/PH7a,2015-05-06,14:30,35,3.425,0.02,-9999,1.19,0.52,0.16,0.06,889.167,0.37
TS/PH7a,2015-06-04,8:48,41,31.926,0.29,-9999,1.49,0.46,0.07,0.12,869.167,0.39
TS/PH7a,2015-07-09,18:00,46,31.781,0.22,-9999,0.59,0.22,0.07,0.03,1100.000,0.15
TS/PH7a,2015-08-13,11:15,48,45.260,0.27,-9999,1.27,0.24,0.07,0.01,920.000,0.17
TS/PH7a,2015-09-10,15:20,-9999,56.521,0.43,-9999,3.00,0.39,0.19,0.27,1790.000,0.21
TS/PH7a,2015-10-28,13:40,23,58.070,0.27,-9999,7.01,0.88,0.42,0.60,994.167,0.46
TS/PH7a,2015-12-01,15:20,19,62.285,0.34,-9999,9.20,1.94,0.75,1.03,906.667,1.19
TS/PH7a,2015-12-29,13:30,2,53.645,0.34,-9999,7.47,1.95,0.23,0.09,973.333,1.72
TS/PH7a,2016-01-14,9:15,3,54.940,0.40,-9999,9.05,3.16,0.31,0.19,912.500,2.85
TS/PH7a,2016-02-11,13:02,1,52.952,0.49,-9999,17.21,2.99,0.19,0.03,893.333,2.79
TS/PH7a,2016-03-16,15:15,3,73.098,0.44,-9999,25.77,6.94,0.58,0.17,885.000,6.36
TS/PH7a,2016-04-21,13:07,13,45.186,0.51,-9999,3.57,0.52,0.15,0.94,685.958,0.37
TS/PH7a,2016-05-26,13:30,11,57.169,1.54,-9999,2.21,0.47,0.34,0.71,1190.000,0.13
TS/PH7a,2016-06-24,13:09,5,55.841,0.62,-9999,2.59,0.86,0.24,0.33,1143.333,0.63
TS/PH7a,2016-07-27,15:24,0,67.066,0.42,-9999,6.33,0.83,0.47,0.99,1061.667,0.35
TS/PH7a,2016-08-30,13:45,14,65.137,0.27,-9999,6.58,0.69,0.44,0.92,974.167,0.25
TS/PH7a,2016-09-28,13:45,1,70.465,0.33,-9999,1.74,0.60,0.13,0.10,1245.833,0.47
TS/PH7a,2016-10-13,11:31,17,44.979,0.32,-9999,3.26,0.87,0.64,1.16,976.667,0.23
TS/PH7a,2016-11-14,13:48,19,51.081,0.25,-9999,9.63,0.98,0.70,1.26,804.750,0.28
TS/PH7a,2016-12-12,12:40,6,47.256,0.44,-9999,10.03,1.80,0.43,0.03,842.583,1.37
TS/PH7a,2017-01-26,14:05,14,46.785,0.52,-9999,4.32,1.00,0.50,0.89,913.333,0.50
TS/PH7a,2017-02-28,12:25,22,42.779,0.34,-9999,3.84,0.60,0.45,0.86,661.667,0.16
TS/PH7a,2017-03-23,14:20,25,48.325,0.32,-9999,2.44,0.53,0.34,0.58,785.500,0.19
TS/PH7a,2017-04-20,13:19,29,49.379,0.42,-9999,2.77,0.28,0.19,0.37,769.333,0.09
TS/PH7a,2017-05-25,14:40,38,52.117,0.25,-9999,2.98,0.33,0.16,0.01,768.917,0.17
TS/PH7a,2017-06-26,13:05,24,68.778,0.64,-9999,2.07,0.38,0.38,0.64,1455.000,-9999.00
TS/PH7a,2017-07-24,14:08,18,73.221,0.45,-9999,18.29,0.90,0.70,0.82,1076.667,0.20
TS/PH7a,2017-08-28,14:20,12,72.567,0.68,-9999,3.74,0.51,0.31,0.60,1471.667,0.20
TS/PH7a,2017-09-26,15:30,1,49.568,0.95,-9999,1.58,0.49,0.28,0.17,1687.750,0.21
TS/PH7a,2017-10-26,12:27,1,61.570,0.48,-9999,1.57,0.21,0.06,0.01,986.750,0.16
TS/PH7a,2017-11-30,2:32,1,49.041,0.45,-9999,4.10,0.92,0.08,0.00,890.833,0.84
TS/PH7a,2017-12-21,13:40,2,50.421,0.46,-9999,4.09,1.06,0.10,0.09,993.333,0.96
TS/PH8,2001-05-30,-9999,31,44.791,0.30,1395.833,10.18,1.09,0.25,0.00,1302.500,0.84
TS/PH8,2001-06-27,-9999,24,27.438,-9999.00,1088.333,6.48,0.51,0.14,0.01,1095.000,0.37
TS/PH8,2001-07-20,-9999,11,100.089,0.15,1847.500,14.53,1.08,0.27,0.04,1860.833,0.80
TS/PH8,2001-08-23,-9999,1,44.761,0.14,993.333,4.90,0.73,0.10,0.02,1016.667,0.63
TS/PH8,2001-10-01,-9999,0,33.617,0.10,659.417,4.05,0.10,0.07,0.02,622.083,0.03
TS/PH8,2001-11-12,-9999,0,32.647,0.09,778.917,1.84,0.31,0.04,0.00,714.000,0.27
TS/PH8,2001-12-10,-9999,1,41.181,0.23,865.000,3.19,0.32,0.07,0.04,875.000,0.25
TS/PH8,2002-01-08,-9999,1,44.002,0.10,770.167,2.03,0.22,0.08,-9999.00,749.417,0.15
TS/PH8,2002-02-16,11:30,4,37.290,0.21,940.000,3.73,0.61,0.14,0.03,875.833,0.47
TS/PH8,2002-03-28,14:15,13,37.012,0.55,960.000,1.68,0.34,0.09,-9999.00,844.167,0.24
TS/PH8,2002-04-24,15:00,17,52.183,0.37,1020.833,1.06,0.61,0.11,-9999.00,920.833,0.50
TS/PH8,2002-05-14,12:30,27,28.658,0.34,999.167,1.31,0.78,0.13,-9999.00,880.833,0.65
TS/PH8,2002-06-27,9:00,1,40.777,0.12,805.750,2.44,0.34,0.11,0.00,788.167,0.23
TS/PH8,2002-07-24,9:45,2,45.877,0.20,998.333,1.91,0.21,0.14,0.02,911.667,0.07
TS/PH8,2002-08-15,13:00,1,47.122,0.08,808.000,3.49,0.71,0.11,0.04,762.750,0.60
TS/PH8,2002-09-13,14:45,0,37.194,0.08,652.417,2.57,0.41,0.10,0.01,642.833,0.31
TS/PH8,2002-10-22,9:45,8,71.462,0.16,796.500,1.43,0.26,0.12,-9999.00,811.167,0.14
TS/PH8,2002-11-15,12:00,3,37.217,0.15,1256.667,2.54,0.25,0.06,0.10,1058.333,0.19
TS/PH8,2002-12-17,14:00,1,59.298,0.09,1150.833,-9999.00,-9999.00,-9999.00,-9999.00,-9999.000,-9999.00
TS/PH8,2003-01-30,15:00,13,40.760,-9999.00,532.000,0.89,1.27,0.40,-9999.00,606.083,0.87
TS/PH8,2003-02-21,-9999,22,30.301,-9999.00,568.500,3.12,0.64,0.07,-9999.00,674.167,0.58
TS/PH8,2003-03-27,10:10,20,70.341,0.25,811.917,-9999.00,2.27,0.27,0.10,-9999.000,2.00
TS/PH8,2003-04-29,-9999,28,46.536,0.34,818.417,6.35,1.51,0.28,0.06,819.417,1.23
TS/PH8,2003-05-29,11:00,5,47.714,0.24,1096.667,10.32,2.04,0.29,0.04,-9999.000,1.75
TS/PH8,2003-06-23,14:00,1,33.521,0.17,884.583,3.68,0.63,0.17,0.02,788.500,0.46
TS/PH8,2003-07-21,10:30,1,39.737,0.17,1196.667,9.93,0.49,0.12,0.03,1054.167,0.38
TS/PH8,2003-08-13,14:30,1,37.630,0.17,1196.667,4.45,0.94,0.12,0.04,994.167,0.82
TS/PH8,2003-09-23,10:30,0,53.456,0.03,809.250,1.67,0.39,0.07,0.02,725.917,0.32
TS/PH8,2003-10-16,14:15,0,31.267,0.09,790.250,1.95,0.27,0.08,0.04,884.167,0.20
TS/PH8,2003-11-21,11:45,0,41.025,0.07,816.583,1.28,0.23,0.06,0.00,689.500,0.17
TS/PH8,2003-12-29,12:45,1,61.532,0.11,750.750,2.08,0.17,0.05,0.01,796.250,0.12
TS/PH8,2004-02-01,10:30,2,27.726,0.15,811.250,3.45,1.64,0.11,0.02,-9999.000,1.53
TS/PH8,2004-02-19,13:15,2,-9999.000,0.19,1160.000,3.59,0.57,0.06,0.06,1105.833,0.51
TS/PH8,2004-03-30,13:50,19,28.890,0.35,812.917,2.75,1.93,0.10,0.03,879.167,1.84
TS/PH8,2004-04-20,14:00,21,32.697,0.29,1193.333,2.69,2.03,0.13,0.03,1248.333,1.90
TS/PH8,2004-05-11,14:40,22,31.982,0.31,1059.167,18.97,2.54,0.31,0.05,990.833,2.23
TS/PH8,2004-06-23,13:45,39,26.605,0.22,697.750,7.41,1.89,0.15,0.00,-9999.000,1.73
TS/PH8,2004-07-15,15:00,40,33.099,0.41,727.667,6.90,0.87,0.23,0.03,-9999.000,0.65
TS/PH8,2004-08-22,14:30,2,81.156,0.30,1273.333,7.28,1.33,0.18,0.03,1300.000,1.15
TS/PH8,2004-09-30,14:20,15,38.406,0.25,-9999.000,4.74,5.40,0.24,0.04,-9999.000,5.16
TS/PH8,2004-10-21,12:20,5,33.040,0.13,814.000,5.18,2.10,0.17,0.02,875.833,1.93
TS/PH8,2004-11-16,11:45,1,32.820,0.27,847.500,9.82,2.14,0.31,0.11,994.167,1.84
TS/PH8,2004-12-08,15:15,1,31.076,0.54,950.000,14.96,2.63,1.10,0.02,1071.667,1.53
TS/PH8,2005-01-27,16:45,26,47.896,0.26,794.250,4.29,3.38,0.99,0.03,816.917,2.38
TS/PH8,2005-02-22,14:47,25,63.071,0.36,-9999.000,-9999.00,3.13,1.46,0.07,1471.667,1.67
TS/PH8,2005-03-10,11:30,25,83.175,0.30,1067.500,-9999.00,7.25,1.97,0.04,-9999.000,5.28
TS/PH8,2005-04-07,14:30,40,47.551,0.23,908.333,6.94,1.23,0.27,0.03,-9999.000,0.96
TS/PH8,2005-05-23,11:30,43,30.375,0.37,938.333,3.48,0.94,0.15,0.03,980.000,0.79
TS/PH8,2005-06-21,15:10,2,60.929,0.38,788.250,9.33,1.85,0.24,0.07,926.667,1.61
TS/PH8,2005-07-12,15:00,1,39.323,0.19,824.833,6.35,0.53,0.14,0.13,917.500,0.39
TS/PH8,2005-08-22,13:15,2,30.384,0.20,-9999,-9999.00,0.83,0.24,0.06,793.833,0.58
TS/PH8,2005-09-15,15:30,1,-9999.000,0.18,-9999,4.15,0.36,0.08,0.03,702.750,0.28
TS/PH8,2005-10-06,12:42,1,30.515,0.16,-9999,6.24,0.90,0.21,0.01,662.833,0.69
TS/PH8,2005-11-17,15:30,2,47.973,0.38,-9999,14.54,0.70,0.21,0.05,964.167,0.49
TS/PH8,2005-12-15,13:30,2,37.364,0.33,-9999,-9999.00,1.16,0.44,0.07,1367.500,0.72
TS/PH8,2006-01-31,12:55,13,30.775,0.62,-9999,5.44,0.81,0.08,0.10,870.833,0.74
TS/PH8,2006-02-07,12:30,10,37.333,0.55,-9999,18.65,6.43,0.97,0.04,1027.500,5.45
TS/PH8,2006-03-22,13:15,26,29.276,0.51,-9999,3.50,1.09,0.01,0.09,923.333,1.08
TS/PH8,2006-04-25,13:30,29,36.231,0.49,-9999,14.99,0.96,0.34,0.04,1168.333,0.62
TS/PH8,2006-05-24,15:45,34,61.254,0.48,-9999,9.82,1.93,0.27,0.08,1080.833,1.66
TS/PH8,2006-06-14,13:00,34,47.852,0.37,-9999,-9999.00,1.62,0.38,0.03,1255.833,1.24
TS/PH8,2006-07-20,15:55,1,53.338,0.37,-9999,12.74,1.31,0.40,0.05,1046.667,0.90
TS/PH8,2006-08-22,14:00,1,52.533,0.26,-9999,-9999.00,1.30,0.35,0.04,908.333,0.95
TS/PH8,2006-09-14,15:00,1,39.866,0.79,-9999,9.93,1.69,0.30,0.03,898.333,1.40
TS/PH8,2006-10-26,11:50,1,28.109,0.21,-9999,9.01,2.44,0.28,0.06,848.333,2.16
TS/PH8,2006-11-29,15:15,12,32.696,0.45,-9999,11.26,2.11,0.40,0.07,1016.667,1.72
TS/PH8,2006-12-20,13:30,8,49.927,0.42,-9999,30.60,3.48,1.08,0.00,1187.500,2.40
TS/PH8,2007-01-21,13:15,19,44.453,0.55,-9999,14.67,3.51,0.90,0.01,1154.167,2.60
TS/PH8,2007-02-20,15:20,11,43.672,0.29,-9999,53.52,7.54,4.51,0.08,1390.000,3.02
TS/PH8,2007-03-16,15:00,28,42.244,0.22,-9999,9.41,7.36,1.07,0.04,983.333,6.29
TS/PH8,2007-04-24,12:45,6,40.578,0.48,-9999,7.61,0.69,0.27,0.02,1882.500,0.42
TS/PH8,2007-05-17,14:30,29,31.604,0.50,-9999,9.01,1.98,0.38,0.02,1174.167,1.60
TS/PH8,2007-06-05,13:45,25,40.425,0.39,-9999,17.11,2.40,0.50,0.00,1355.833,1.90
